-1.500 1.500 0.185 -0.000 0.000 0.000 0.000 -0.000 0.002 0.000 0.000
-1.500 1.500 0.185 -0.000 0.000 0.000 0.000 -0.000 0.006 0.000 0.000
-1.500 1.500 0.185 -0.000 0.000 0.001 0.000 -0.000 0.013 0.000 0.000
-1.500 1.500 0.185 -0.000 0.000 0.002 0.000 -0.000 0.023 0.000 0.000
-1.500 1.500 0.185 -0.000 0.000 0.003 0.000 -0.000 0.034 0.000 0.000
-1.500 1.500 0.185 -0.000 0.000 0.005 0.000 -0.000 0.047 0.000 0.000
-1.500 1.500 0.186 -0.000 0.000 0.008 0.000 -0.000 0.061 0.000 0.000
-1.500 1.500 0.186 -0.000 0.000 0.011 0.000 -0.000 0.076 0.000 0.000
-1.500 1.500 0.187 -0.000 0.000 0.015 0.000 -0.000 0.092 0.000 0.000
-1.500 1.500 0.188 -0.000 0.000 0.020 0.000 -0.000 0.109 0.000 0.000
-1.500 1.500 0.189 -0.000 0.000 0.026 0.000 -0.000 0.126 0.000 0.000
-1.500 1.500 0.190 -0.000 0.000 0.033 0.000 -0.000 0.142 0.000 0.000
-1.500 1.500 0.192 0.000 -0.000 0.041 0.000 -0.000 0.159 0.000 0.000
-1.500 1.500 0.194 0.000 -0.000 0.049 0.000 -0.000 0.175 0.000 0.000
-1.500 1.500 0.197 0.000 -0.000 0.058 0.000 -0.000 0.191 0.000 0.000
-1.500 1.500 0.200 0.000 -0.000 0.068 0.000 -0.000 0.206 0.000 0.000
-1.500 1.500 0.204 0.000 -0.000 0.079 0.000 -0.000 0.221 0.000 0.000
-1.500 1.500 0.208 0.000 -0.000 0.090 0.000 -0.000 0.234 0.000 0.000
-1.500 1.500 0.213 0.000 -0.000 0.102 0.000 -0.000 0.247 0.000 0.000
-1.500 1.500 0.218 0.000 -0.000 0.115 0.000 -0.000 0.258 0.000 0.000
-1.500 1.500 0.224 0.000 -0.000 0.128 0.000 -0.000 0.268 0.000 0.000
-1.500 1.500 0.231 0.000 -0.000 0.141 0.000 -0.000 0.277 0.000 0.000
-1.500 1.500 0.239 0.000 -0.000 0.156 0.000 -0.000 0.285 0.000 0.000
-1.500 1.500 0.247 0.000 -0.000 0.170 0.000 -0.000 0.291 0.000 0.000
-1.500 1.500 0.256 0.000 -0.000 0.185 0.000 -0.000 0.295 0.000 0.000
-1.500 1.500 0.265 0.000 -0.000 0.199 0.000 -0.000 0.299 0.000 0.000
-1.500 1.500 0.276 0.000 -0.000 0.214 0.000 -0.000 0.300 0.000 0.000
-1.500 1.500 0.287 0.000 -0.000 0.229 0.000 -0.000 0.300 0.000 0.000
-1.500 1.500 0.298 0.000 -0.000 0.244 0.000 -0.000 0.299 0.000 0.000
-1.500 1.500 0.311 0.000 -0.000 0.259 0.000 -0.000 0.296 0.000 0.000
-1.500 1.500 0.324 0.000 -0.000 0.274 0.000 -0.000 0.292 0.000 0.000
-1.500 1.500 0.338 0.000 -0.000 0.288 0.000 -0.000 0.286 0.000 0.000
-1.500 1.500 0.353 0.000 -0.000 0.303 0.000 -0.000 0.279 0.000 0.000
-1.500 1.500 0.369 0.000 -0.000 0.316 0.000 -0.000 0.271 0.000 0.000
-1.500 1.500 0.385 0.000 -0.000 0.330 -0.000 0.000 0.261 0.000 0.000
-1.500 1.500 0.402 0.000 -0.000 0.342 -0.000 0.000 0.250 0.000 0.000
-1.500 1.500 0.419 0.000 -0.000 0.355 -0.000 0.000 0.237 0.000 0.000
-1.500 1.500 0.437 0.000 -0.000 0.366 -0.000 0.000 0.224 0.000 0.000
-1.500 1.500 0.456 0.000 -0.000 0.377 -0.000 0.000 0.209 0.000 0.000
-1.500 1.500 0.475 0.000 -0.000 0.387 -0.000 0.000 0.194 0.000 0.000
-1.500 1.500 0.494 0.000 -0.000 0.396 -0.000 0.000 0.177 0.000 0.000
-1.500 1.500 0.514 0.000 -0.000 0.405 -0.000 0.000 0.160 0.000 0.000
-1.500 1.500 0.535 0.000 -0.000 0.412 -0.000 0.000 0.141 0.000 0.000
-1.500 1.500 0.556 0.000 -0.000 0.419 -0.000 0.000 0.122 0.000 0.000
-1.500 1.500 0.577 0.000 -0.000 0.425 -0.000 0.000 0.103 0.000 0.000
-1.500 1.500 0.598 0.000 -0.000 0.429 -0.000 0.000 0.083 0.000 0.000
-1.500 1.500 0.620 0.000 -0.000 0.433 -0.000 0.000 0.063 0.000 0.000
-1.500 1.500 0.641 0.000 -0.000 0.435 -0.000 0.000 0.042 0.000 0.000
-1.500 1.500 0.663 0.000 -0.000 0.437 -0.000 0.000 0.021 0.000 0.000
-1.500 1.500 0.685 0.000 -0.000 0.438 -0.000 0.000 0.000 0.000 0.000
-1.500 1.500 0.707 0.000 -0.000 0.437 0.000 -0.000 -0.021 0.000 0.000
-1.500 1.500 0.729 0.000 -0.000 0.435 0.000 -0.000 -0.042 0.000 0.000
-1.500 1.500 0.750 0.000 -0.000 0.433 0.000 -0.000 -0.063 0.000 0.000
-1.500 1.500 0.772 0.000 -0.000 0.429 0.000 -0.000 -0.083 0.000 0.000
-1.500 1.500 0.793 0.000 -0.000 0.425 0.000 -0.000 -0.103 0.000 0.000
-1.500 1.500 0.814 0.000 -0.000 0.419 0.000 -0.000 -0.122 0.000 0.000
-1.500 1.500 0.835 0.000 -0.000 0.412 0.000 -0.000 -0.141 0.000 0.000
-1.500 1.500 0.856 0.000 -0.000 0.405 0.000 -0.000 -0.160 0.000 0.000
-1.500 1.500 0.876 0.000 -0.000 0.396 -0.000 0.000 -0.177 0.000 0.000
-1.500 1.500 0.895 0.000 -0.000 0.387 -0.000 0.000 -0.194 0.000 0.000
-1.500 1.500 0.914 0.000 -0.000 0.377 -0.000 0.000 -0.209 0.000 0.000
-1.500 1.500 0.933 0.000 -0.000 0.366 -0.000 0.000 -0.224 0.000 0.000
-1.500 1.500 0.951 0.000 -0.000 0.355 -0.000 0.000 -0.237 0.000 0.000
-1.500 1.500 0.968 0.000 -0.000 0.342 -0.000 0.000 -0.250 0.000 0.000
-1.500 1.500 0.985 0.000 -0.000 0.330 -0.000 0.000 -0.261 0.000 0.000
-1.500 1.500 1.001 0.000 -0.000 0.316 -0.000 0.000 -0.271 0.000 0.000
-1.500 1.500 1.017 0.000 -0.000 0.303 -0.000 0.000 -0.279 0.000 0.000
-1.500 1.500 1.032 0.000 -0.000 0.288 -0.000 0.000 -0.286 0.000 0.000
-1.500 1.500 1.046 0.000 -0.000 0.274 -0.000 0.000 -0.292 0.000 0.000
-1.500 1.500 1.059 0.000 -0.000 0.259 -0.000 0.000 -0.296 0.000 0.000
-1.500 1.500 1.072 0.000 -0.000 0.244 -0.000 0.000 -0.299 0.000 0.000
-1.500 1.500 1.083 0.000 -0.000 0.229 -0.000 0.000 -0.300 0.000 0.000
-1.500 1.500 1.094 0.000 -0.000 0.214 -0.000 0.000 -0.300 0.000 0.000
-1.500 1.500 1.105 0.000 -0.000 0.199 -0.000 0.000 -0.299 0.000 0.000
-1.500 1.500 1.114 0.000 -0.000 0.185 -0.000 0.000 -0.295 0.000 0.000
-1.500 1.500 1.123 0.000 -0.000 0.170 -0.000 0.000 -0.291 0.000 0.000
-1.500 1.500 1.131 0.000 -0.000 0.156 -0.000 0.000 -0.285 0.000 0.000
-1.500 1.500 1.139 0.000 -0.000 0.141 -0.000 0.000 -0.277 0.000 0.000
-1.500 1.500 1.146 0.000 -0.000 0.128 -0.000 0.000 -0.268 0.000 0.000
-1.500 1.500 1.152 0.000 -0.000 0.115 -0.000 0.000 -0.258 0.000 0.000
-1.500 1.500 1.157 0.000 -0.000 0.102 -0.000 0.000 -0.247 0.000 0.000
-1.500 1.500 1.162 -0.000 0.000 0.090 -0.000 0.000 -0.234 0.000 0.000
-1.500 1.500 1.166 -0.000 0.000 0.079 -0.000 0.000 -0.221 0.000 0.000
-1.500 1.500 1.170 -0.000 0.000 0.068 -0.000 0.000 -0.206 0.000 0.000
-1.500 1.500 1.173 -0.000 0.000 0.058 -0.000 0.000 -0.191 0.000 0.000
-1.500 1.500 1.176 -0.000 0.000 0.049 -0.000 0.000 -0.175 0.000 0.000
-1.500 1.500 1.178 -0.000 0.000 0.041 -0.000 0.000 -0.159 0.000 0.000
-1.500 1.500 1.180 -0.000 0.000 0.033 -0.000 0.000 -0.142 0.000 0.000
-1.500 1.500 1.181 -0.000 0.000 0.026 -0.000 0.000 -0.126 0.000 0.000
-1.500 1.500 1.182 -0.000 0.000 0.020 -0.000 0.000 -0.109 0.000 0.000
-1.500 1.500 1.183 -0.000 0.000 0.015 -0.000 0.000 -0.092 0.000 0.000
-1.500 1.500 1.184 -0.000 0.000 0.011 -0.000 0.000 -0.076 0.000 0.000
-1.500 1.500 1.184 -0.000 0.000 0.008 -0.000 0.000 -0.061 0.000 0.000
-1.500 1.500 1.185 -0.000 0.000 0.005 -0.000 0.000 -0.047 0.000 0.000
-1.500 1.500 1.185 -0.000 0.000 0.003 -0.000 0.000 -0.034 0.000 0.000
-1.500 1.500 1.185 -0.000 0.000 0.002 -0.000 0.000 -0.023 0.000 0.000
-1.500 1.500 1.185 -0.000 0.000 0.001 -0.000 0.000 -0.013 0.000 0.000
-1.500 1.500 1.185 -0.000 0.000 0.000 -0.000 0.000 -0.006 0.000 0.000
-1.500 1.500 1.185 -0.000 0.000 0.000 -0.000 0.000 -0.002 0.000 0.000
-1.500 1.500 1.185 -0.000 0.000 -0.000 0.000 -0.000 -0.000 0.000 0.000
-1.500 1.500 1.185 0.000 0.000 0.000 0.000 0.000 0.000 0.000 0.000
-1.500 1.500 1.185 0.000 0.000 0.000 0.000 0.000 0.000 0.000 0.000
-1.500 1.500 1.185 0.000 0.000 0.000 0.000 0.000 0.000 0.000 0.000
-1.500 1.500 1.185 0.000 0.000 0.000 0.000 0.000 0.000 0.000 0.000
-1.500 1.500 1.185 0.000 0.000 0.000 0.000 0.000 0.000 0.000 0.000
-1.500 1.500 1.185 0.000 0.000 0.000 0.000 0.000 0.000 0.000 0.000
-1.500 1.500 1.185 0.000 0.000 0.000 0.000 0.000 0.000 0.000 0.000
-1.500 1.500 1.185 0.000 0.000 0.000 0.000 0.000 0.000 0.000 0.000
-1.500 1.500 1.185 0.000 0.000 0.000 0.000 0.000 0.000 0.000 0.000
-1.500 1.500 1.185 0.000 0.000 0.000 0.000 0.000 0.000 0.000 0.000
-1.500 1.500 1.185 0.000 0.000 0.000 0.000 0.000 0.000 0.000 0.000
-1.500 1.500 1.185 0.000 0.000 0.000 0.000 0.000 0.000 0.000 0.000
-1.500 1.500 1.185 0.000 0.000 0.000 0.000 0.000 0.000 0.000 0.000
-1.500 1.500 1.185 0.000 0.000 0.000 0.000 0.000 0.000 0.000 0.000
-1.500 1.500 1.185 0.000 0.000 0.000 0.000 0.000 0.000 0.000 0.000
-1.500 1.500 1.185 0.000 0.000 0.000 0.000 0.000 0.000 0.000 0.000
-1.500 1.500 1.185 0.000 0.000 0.000 0.000 0.000 0.000 0.000 0.000
-1.500 1.500 1.185 0.000 0.000 0.000 0.000 0.000 0.000 0.000 0.000
-1.500 1.500 1.185 0.000 0.000 0.000 0.000 0.000 0.000 0.000 0.000
-1.500 1.500 1.185 0.000 0.000 0.000 0.000 0.000 0.000 0.000 0.000
-1.500 1.500 1.185 0.000 0.000 0.000 0.000 0.000 0.000 0.000 0.000
-1.500 1.500 1.185 0.000 0.000 0.000 0.000 0.000 0.000 0.000 0.000
-1.500 1.500 1.185 0.000 0.000 0.000 0.000 0.000 0.000 0.000 0.000
-1.500 1.500 1.185 0.000 0.000 0.000 0.000 0.000 0.000 0.000 0.000
-1.500 1.500 1.185 0.000 0.000 0.000 0.000 0.000 0.000 0.000 0.000
-1.500 1.500 1.185 0.000 0.000 0.000 0.000 0.000 0.000 0.000 0.000
-1.500 1.500 1.185 0.000 0.000 0.000 0.000 0.000 0.000 0.000 0.000
-1.500 1.500 1.185 0.000 0.000 0.000 0.000 0.000 0.000 0.000 0.000
-1.500 1.500 1.185 0.000 0.000 0.000 0.000 0.000 0.000 0.000 0.000
-1.500 1.500 1.185 0.000 0.000 0.000 0.000 0.000 0.000 0.000 0.000
-1.500 1.500 1.185 0.000 0.000 0.000 0.000 0.000 0.000 0.000 0.000
-1.500 1.500 1.185 0.000 0.000 0.000 0.000 0.000 0.000 0.000 0.000
-1.500 1.500 1.185 0.000 0.000 0.000 0.000 0.000 0.000 0.000 0.000
-1.500 1.500 1.185 0.000 0.000 0.000 0.000 0.000 0.000 0.000 0.000
-1.500 1.500 1.185 0.000 0.000 0.000 0.000 0.000 0.000 0.000 0.000
-1.500 1.500 1.185 0.000 0.000 0.000 0.000 0.000 0.000 0.000 0.000
-1.500 1.500 1.185 0.000 0.000 0.000 0.000 0.000 0.000 0.000 0.000
-1.500 1.500 1.185 0.000 0.000 0.000 0.000 0.000 0.000 0.000 0.000
-1.500 1.500 1.185 0.000 0.000 0.000 0.000 0.000 0.000 0.000 0.000
-1.500 1.500 1.185 0.000 0.000 0.000 0.000 0.000 0.000 0.000 0.000
-1.500 1.500 1.185 0.000 0.000 0.000 0.000 0.000 0.000 0.000 0.000
-1.500 1.500 1.185 0.000 0.000 0.000 0.000 0.000 0.000 0.000 0.000
-1.500 1.500 1.185 0.000 0.000 0.000 0.000 0.000 0.000 0.000 0.000
-1.500 1.500 1.185 0.000 0.000 0.000 0.000 0.000 0.000 0.000 0.000
-1.500 1.500 1.185 0.000 0.000 0.000 0.000 0.000 0.000 0.000 0.000
-1.500 1.500 1.185 0.000 0.000 0.000 0.000 0.000 0.000 0.000 0.000
-1.500 1.500 1.185 0.000 0.000 0.000 0.000 0.000 0.000 0.000 0.000
-1.500 1.500 1.185 0.000 0.000 0.000 0.000 0.000 0.000 0.000 0.000
-1.500 1.500 1.185 0.000 0.000 0.000 0.000 0.000 0.000 0.000 0.000
-1.500 1.500 1.185 0.000 0.000 0.000 0.000 0.000 0.000 0.000 0.000
-1.500 1.500 1.185 0.000 0.000 0.000 0.000 0.000 0.000 0.000 0.000
-1.500 1.500 1.185 0.000 0.000 0.000 0.000 0.000 0.000 0.000 0.000
-1.500 1.500 1.185 0.000 0.000 0.000 0.000 0.000 0.000 0.000 0.000
-1.500 1.500 1.185 0.000 0.000 0.000 0.000 0.000 0.000 0.000 0.000
-1.500 1.500 1.185 0.000 0.000 0.000 0.000 0.000 0.000 0.000 0.000
-1.500 1.500 1.185 0.000 0.000 0.000 0.000 0.000 0.000 0.000 0.000
-1.500 1.500 1.185 0.000 0.000 0.000 0.000 0.000 0.000 0.000 0.000
-1.500 1.500 1.185 0.000 0.000 0.000 0.000 0.000 0.000 0.000 0.000
-1.500 1.500 1.185 0.000 0.000 0.000 0.000 0.000 0.000 0.000 0.000
-1.500 1.500 1.185 0.000 0.000 0.000 0.000 0.000 0.000 0.000 0.000
-1.500 1.500 1.185 0.000 0.000 0.000 0.000 0.000 0.000 0.000 0.000
-1.500 1.500 1.185 0.000 0.000 0.000 0.000 0.000 0.000 0.000 0.000
-1.500 1.500 1.185 0.000 0.000 0.000 0.000 0.000 0.000 0.000 0.000
-1.500 1.500 1.185 0.000 0.000 0.000 0.000 0.000 0.000 0.000 0.000
-1.500 1.500 1.185 0.000 0.000 0.000 0.000 0.000 0.000 0.000 0.000
-1.500 1.500 1.185 0.000 0.000 0.000 0.000 0.000 0.000 0.000 0.000
-1.500 1.500 1.185 0.000 0.000 0.000 0.000 0.000 0.000 0.000 0.000
-1.500 1.500 1.185 0.000 0.000 0.000 0.000 0.000 0.000 0.000 0.000
-1.500 1.500 1.185 0.000 0.000 0.000 0.000 0.000 0.000 0.000 0.000
-1.500 1.500 1.185 0.000 0.000 0.000 0.000 0.000 0.000 0.000 0.000
-1.500 1.500 1.185 0.000 0.000 0.000 0.000 0.000 0.000 0.000 0.000
-1.500 1.500 1.185 0.000 0.000 0.000 0.000 0.000 0.000 0.000 0.000
-1.500 1.500 1.185 0.000 0.000 0.000 0.000 0.000 0.000 0.000 0.000
-1.500 1.500 1.185 0.000 0.000 0.000 0.000 0.000 0.000 0.000 0.000
-1.500 1.500 1.185 0.000 0.000 0.000 0.000 0.000 0.000 0.000 0.000
-1.500 1.500 1.185 0.000 0.000 0.000 0.000 0.000 0.000 0.000 0.000
-1.500 1.500 1.185 0.000 0.000 0.000 0.000 0.000 0.000 0.000 0.000
-1.500 1.500 1.185 0.000 0.000 0.000 0.000 0.000 0.000 0.000 0.000
-1.500 1.500 1.185 0.000 0.000 0.000 0.000 0.000 0.000 0.000 0.000
-1.500 1.500 1.185 0.000 0.000 0.000 0.000 0.000 0.000 0.000 0.000
-1.500 1.500 1.185 0.000 0.000 0.000 0.000 0.000 0.000 0.000 0.000
-1.500 1.500 1.185 0.000 0.000 0.000 0.000 0.000 0.000 0.000 0.000
-1.500 1.500 1.185 0.000 0.000 0.000 0.000 0.000 0.000 0.000 0.000
-1.500 1.500 1.185 0.000 0.000 0.000 0.000 0.000 0.000 0.000 0.000
-1.500 1.500 1.185 0.000 0.000 0.000 0.000 0.000 0.000 0.000 0.000
-1.500 1.500 1.185 0.000 0.000 0.000 0.000 0.000 0.000 0.000 0.000
-1.500 1.500 1.185 0.000 0.000 0.000 0.000 0.000 0.000 0.000 0.000
-1.500 1.500 1.185 0.000 0.000 0.000 0.000 0.000 0.000 0.000 0.000
-1.500 1.500 1.185 0.000 0.000 0.000 0.000 0.000 0.000 0.000 0.000
-1.500 1.500 1.185 0.000 0.000 0.000 0.000 0.000 0.000 0.000 0.000
-1.500 1.500 1.185 0.000 0.000 0.000 0.000 0.000 0.000 0.000 0.000
-1.500 1.500 1.185 0.000 0.000 0.000 0.000 0.000 0.000 0.000 0.000
-1.500 1.500 1.185 0.000 0.000 0.000 0.000 0.000 0.000 0.000 0.000
-1.500 1.500 1.185 0.000 0.000 0.000 0.000 0.000 0.000 0.000 0.000
-1.500 1.500 1.185 0.000 0.000 0.000 0.000 0.000 0.000 0.000 0.000
-1.500 1.500 1.185 0.000 0.000 0.000 0.000 0.000 0.000 0.000 0.000
-1.500 1.500 1.185 0.000 0.000 0.000 0.000 0.000 0.000 0.000 0.000
-1.500 1.500 1.185 0.000 0.000 0.000 0.000 0.000 0.000 0.000 0.000
-1.500 1.500 1.185 0.000 0.000 0.000 0.000 0.000 0.000 0.000 0.000
-1.500 1.500 1.185 0.000 0.000 0.000 0.000 0.000 0.000 0.000 0.000
-1.500 1.500 1.185 0.000 0.000 0.000 0.000 0.000 0.000 0.000 0.000
-1.500 1.500 1.185 0.000 0.000 0.000 0.000 0.000 0.000 0.000 0.000
-1.500 1.500 1.185 0.000 0.000 0.000 0.000 0.000 0.000 0.000 0.000
-1.500 1.500 1.185 0.000 0.000 0.000 0.000 0.000 0.000 0.000 0.000
-1.500 1.500 1.185 0.000 0.000 0.000 0.000 0.000 0.000 0.000 0.000
-1.500 1.500 1.185 0.000 0.000 0.000 0.000 0.000 0.000 0.000 0.000
-1.500 1.500 1.185 0.000 0.000 0.000 0.000 0.000 0.000 0.000 0.000
-1.500 1.500 1.185 0.000 0.000 0.000 0.000 0.000 0.000 0.000 0.000
-1.500 1.500 1.185 0.000 0.000 0.000 0.000 0.000 0.000 0.000 0.000
-1.500 1.500 1.185 0.000 0.000 0.000 0.000 0.000 0.000 0.000 0.000
-1.500 1.500 1.185 0.000 0.000 0.000 0.000 0.000 0.000 0.000 0.000
-1.500 1.500 1.185 0.000 0.000 0.000 0.000 0.000 0.000 0.000 0.000
-1.500 1.500 1.185 0.000 0.000 0.000 0.000 0.000 0.000 0.000 0.000
-1.500 1.500 1.185 0.000 0.000 0.000 0.000 0.000 0.000 0.000 0.000
-1.500 1.500 1.185 0.000 0.000 0.000 0.000 0.000 0.000 0.000 0.000
-1.500 1.500 1.185 0.000 0.000 0.000 0.000 0.000 0.000 0.000 0.000
-1.500 1.500 1.185 0.000 0.000 0.000 0.000 0.000 0.000 0.000 0.000
-1.500 1.500 1.185 0.000 0.000 0.000 0.000 0.000 0.000 0.000 0.000
-1.500 1.500 1.185 0.000 0.000 0.000 0.000 0.000 0.000 0.000 0.000
-1.500 1.500 1.185 0.000 0.000 0.000 0.000 0.000 0.000 0.000 0.000
-1.500 1.500 1.185 0.000 0.000 0.000 0.000 0.000 0.000 0.000 0.000
-1.500 1.500 1.185 0.000 0.000 0.000 0.000 0.000 0.000 0.000 0.000
-1.500 1.500 1.185 0.000 0.000 0.000 0.000 0.000 0.000 0.000 0.000
-1.500 1.500 1.185 0.000 0.000 0.000 0.000 0.000 0.000 0.000 0.000
-1.500 1.500 1.185 0.000 0.000 0.000 0.000 0.000 0.000 0.000 0.000
-1.500 1.500 1.185 0.000 0.000 0.000 0.000 0.000 0.000 0.000 0.000
-1.500 1.500 1.185 0.000 0.000 0.000 0.000 0.000 0.000 0.000 0.000
-1.500 1.500 1.185 0.000 0.000 0.000 0.000 0.000 0.000 0.000 0.000
-1.500 1.500 1.185 0.000 0.000 0.000 0.000 0.000 0.000 0.000 0.000
-1.500 1.500 1.185 0.000 0.000 0.000 0.000 0.000 0.000 0.000 0.000
-1.500 1.500 1.185 0.000 0.000 0.000 0.000 0.000 0.000 0.000 0.000
-1.500 1.500 1.185 0.000 0.000 0.000 0.000 0.000 0.000 0.000 0.000
-1.500 1.500 1.185 0.000 0.000 0.000 0.000 0.000 0.000 0.000 0.000
-1.500 1.500 1.185 0.000 0.000 0.000 0.000 0.000 0.000 0.000 0.000
-1.500 1.500 1.185 0.000 0.000 0.000 0.000 0.000 0.000 0.000 0.000
-1.500 1.500 1.185 0.000 0.000 0.000 0.000 0.000 0.000 0.000 0.000
-1.500 1.500 1.185 0.000 0.000 0.000 0.000 0.000 0.000 0.000 0.000
-1.500 1.500 1.185 0.000 0.000 0.000 0.000 0.000 0.000 0.000 0.000
-1.500 1.500 1.185 0.000 0.000 0.000 0.000 0.000 0.000 0.000 0.000
-1.500 1.500 1.185 0.000 0.000 0.000 0.000 0.000 0.000 0.000 0.000
-1.500 1.500 1.185 0.000 0.000 0.000 0.000 0.000 0.000 0.000 0.000
-1.500 1.500 1.185 0.000 0.000 0.000 0.000 0.000 0.000 0.000 0.000
-1.500 1.500 1.185 0.000 0.000 0.000 0.000 0.000 0.000 0.000 0.000
-1.500 1.500 1.185 0.000 0.000 0.000 0.000 0.000 0.000 0.000 0.000
-1.500 1.500 1.185 0.000 0.000 0.000 0.000 0.000 0.000 0.000 0.000
-1.500 1.500 1.185 0.000 0.000 0.000 0.000 0.000 0.000 0.000 0.000
-1.500 1.500 1.185 0.000 0.000 0.000 0.000 0.000 0.000 0.000 0.000
-1.500 1.500 1.185 0.000 0.000 0.000 0.000 0.000 0.000 0.000 0.000
-1.500 1.500 1.185 0.000 0.000 0.000 0.000 0.000 0.000 0.000 0.000
-1.500 1.500 1.185 0.000 0.000 0.000 0.000 0.000 0.000 0.000 0.000
-1.500 1.500 1.185 0.000 0.000 0.000 0.000 0.000 0.000 0.000 0.000
-1.500 1.500 1.185 0.000 0.000 0.000 0.000 0.000 0.000 0.000 0.000
-1.500 1.500 1.185 0.000 0.000 0.000 0.000 0.000 0.000 0.000 0.000
-1.500 1.500 1.185 0.000 0.000 0.000 0.000 0.000 0.000 0.000 0.000
-1.500 1.500 1.185 0.000 0.000 0.000 0.000 0.000 0.000 0.000 0.000
-1.500 1.500 1.185 0.000 0.000 0.000 0.000 0.000 0.000 0.000 0.000
-1.500 1.500 1.185 0.000 0.000 0.000 0.000 0.000 0.000 0.000 0.000
-1.500 1.500 1.185 0.000 0.000 0.000 0.000 0.000 0.000 0.000 0.000
-1.500 1.500 1.185 0.000 0.000 0.000 0.000 0.000 0.000 0.000 0.000
-1.500 1.500 1.185 0.000 0.000 0.000 0.000 0.000 0.000 0.000 0.000
-1.500 1.500 1.185 0.000 0.000 0.000 0.000 0.000 0.000 0.000 0.000
-1.500 1.500 1.185 0.000 0.000 0.000 0.000 0.000 0.000 0.000 0.000
-1.500 1.500 1.185 0.000 0.000 0.000 0.000 0.000 0.000 0.000 0.000
-1.500 1.500 1.185 0.000 0.000 0.000 0.000 0.000 0.000 0.000 0.000
-1.500 1.500 1.185 0.000 0.000 0.000 0.000 0.000 0.000 0.000 0.000
-1.500 1.500 1.185 0.000 0.000 0.000 0.000 0.000 0.000 0.000 0.000
-1.500 1.500 1.185 0.000 0.000 0.000 0.000 0.000 0.000 0.000 0.000
-1.500 1.500 1.185 0.000 0.000 0.000 0.000 0.000 0.000 0.000 0.000
-1.500 1.500 1.185 0.000 0.000 0.000 0.000 0.000 0.000 0.000 0.000
-1.500 1.500 1.185 0.000 0.000 0.000 0.000 0.000 0.000 0.000 0.000
-1.500 1.500 1.185 0.000 0.000 0.000 0.000 0.000 0.000 0.000 0.000
-1.500 1.500 1.185 0.000 0.000 0.000 0.000 0.000 0.000 0.000 0.000
-1.500 1.500 1.185 0.000 0.000 0.000 0.000 0.000 0.000 0.000 0.000
-1.500 1.500 1.185 0.000 0.000 0.000 0.000 0.000 0.000 0.000 0.000
-1.500 1.500 1.185 0.000 0.000 0.000 0.000 0.000 0.000 0.000 0.000
-1.500 1.500 1.185 0.000 0.000 0.000 0.000 0.000 0.000 0.000 0.000
-1.500 1.500 1.185 0.000 0.000 0.000 0.000 0.000 0.000 0.000 0.000
-1.500 1.500 1.185 0.000 0.000 0.000 0.000 0.000 0.000 0.000 0.000
-1.500 1.500 1.185 0.000 0.000 0.000 0.000 0.000 0.000 0.000 0.000
-1.500 1.500 1.185 0.000 0.000 0.000 0.000 0.000 0.000 0.000 0.000
-1.500 1.500 1.185 0.000 0.000 0.000 0.000 0.000 0.000 0.000 0.000
-1.500 1.500 1.185 0.000 0.000 0.000 0.000 0.000 0.000 0.000 0.000
-1.500 1.500 1.185 0.000 0.000 0.000 0.000 0.000 0.000 0.000 0.000
-1.500 1.500 1.185 0.000 0.000 0.000 0.000 0.000 0.000 0.000 0.000
-1.500 1.500 1.185 0.000 0.000 0.000 0.000 0.000 0.000 0.000 0.000
-1.500 1.500 1.185 0.000 0.000 0.000 0.000 0.000 0.000 0.000 0.000
-1.500 1.500 1.185 0.000 0.000 0.000 0.000 0.000 0.000 0.000 0.000
-1.500 1.500 1.185 0.000 0.000 0.000 0.000 0.000 0.000 0.000 0.000
-1.500 1.500 1.185 0.000 0.000 0.000 0.000 0.000 0.000 0.000 0.000
-1.500 1.500 1.185 0.000 0.000 0.000 0.000 0.000 0.000 0.000 0.000
-1.500 1.500 1.185 0.000 0.000 0.000 0.000 0.000 0.000 0.000 0.000
-1.500 1.500 1.185 0.000 0.000 0.000 0.000 0.000 0.000 0.000 0.000
-1.500 1.500 1.185 0.000 0.000 0.000 0.000 0.000 0.000 0.000 0.000
-1.500 1.500 1.185 0.000 0.000 0.000 0.000 0.000 0.000 0.000 0.000
-1.500 1.500 1.185 0.000 0.000 0.000 0.000 0.000 0.000 0.000 0.000
-1.500 1.500 1.185 0.000 0.000 0.000 0.000 0.000 0.000 0.000 0.000
-1.500 1.500 1.185 0.000 0.000 0.000 0.000 0.000 0.000 0.000 0.000
-1.500 1.500 1.185 0.000 0.000 0.000 0.000 0.000 0.000 0.000 0.000
-1.500 1.500 1.185 0.000 0.000 0.000 0.000 0.000 0.000 0.000 0.000
-1.500 1.500 1.185 0.000 0.000 0.000 0.000 0.000 0.000 0.000 0.000
-1.500 1.500 1.185 0.000 -0.000 -0.000 0.001 -0.001 -0.000 0.000 0.000
-1.500 1.500 1.185 0.000 -0.000 -0.000 0.004 -0.002 -0.000 0.000 0.000
-1.500 1.500 1.185 0.000 -0.000 -0.000 0.009 -0.005 -0.000 0.000 0.000
-1.500 1.500 1.185 0.001 -0.001 -0.000 0.015 -0.009 -0.000 0.000 0.000
-1.500 1.500 1.185 0.002 -0.001 -0.000 0.022 -0.014 -0.000 0.000 0.000
-1.500 1.500 1.185 0.003 -0.002 -0.000 0.031 -0.019 -0.000 0.000 0.000
-1.500 1.500 1.185 0.005 -0.003 -0.000 0.040 -0.025 -0.000 0.000 0.000
-1.499 1.500 1.185 0.007 -0.004 -0.000 0.050 -0.031 -0.000 0.000 0.000
-1.499 1.499 1.185 0.010 -0.006 -0.000 0.060 -0.038 -0.000 0.000 0.000
-1.498 1.499 1.185 0.013 -0.008 -0.000 0.070 -0.044 -0.000 0.000 0.000
-1.497 1.498 1.185 0.017 -0.011 -0.000 0.081 -0.052 -0.000 0.000 0.000
-1.497 1.498 1.185 0.021 -0.013 -0.000 0.092 -0.059 -0.000 0.000 0.000
-1.495 1.497 1.185 0.026 -0.017 -0.000 0.102 -0.066 -0.000 0.000 0.000
-1.494 1.496 1.185 0.032 -0.020 -0.000 0.112 -0.073 -0.000 0.000 0.000
-1.492 1.495 1.185 0.037 -0.024 -0.000 0.122 -0.081 -0.000 0.000 0.000
-1.490 1.494 1.185 0.044 -0.028 -0.000 0.132 -0.088 -0.000 0.000 0.000
-1.488 1.492 1.185 0.051 -0.033 -0.000 0.141 -0.095 -0.000 0.000 0.000
-1.485 1.491 1.185 0.058 -0.038 -0.000 0.149 -0.101 -0.000 0.000 0.000
-1.482 1.489 1.185 0.066 -0.043 -0.000 0.156 -0.108 -0.000 0.000 0.000
-1.478 1.486 1.185 0.073 -0.048 -0.000 0.163 -0.114 -0.000 0.000 0.000
-1.475 1.484 1.185 0.082 -0.054 -0.000 0.169 -0.119 -0.000 0.000 0.000
-1.470 1.481 1.185 0.090 -0.060 -0.000 0.174 -0.125 -0.000 0.000 0.000
-1.466 1.478 1.185 0.099 -0.067 -0.000 0.178 -0.130 -0.000 0.000 0.000
-1.460 1.474 1.185 0.108 -0.073 -0.000 0.181 -0.134 -0.000 0.000 0.000
-1.455 1.470 1.185 0.117 -0.080 -0.000 0.183 -0.138 -0.000 0.000 0.000
-1.449 1.466 1.185 0.126 -0.087 -0.000 0.185 -0.142 -0.000 0.000 0.000
-1.442 1.462 1.185 0.136 -0.094 -0.000 0.185 -0.145 -0.000 0.000 0.000
-1.435 1.457 1.185 0.145 -0.101 -0.000 0.184 -0.147 -0.000 0.000 0.000
-1.428 1.452 1.185 0.154 -0.109 -0.000 0.182 -0.150 -0.000 0.000 0.000
-1.420 1.446 1.185 0.163 -0.116 -0.000 0.180 -0.151 -0.000 0.000 0.000
-1.411 1.440 1.185 0.172 -0.124 -0.000 0.176 -0.152 -0.000 0.000 0.000
-1.402 1.433 1.185 0.181 -0.132 -0.000 0.171 -0.153 -0.000 0.000 0.000
-1.393 1.427 1.185 0.189 -0.139 -0.000 0.166 -0.153 -0.000 0.000 0.000
-1.384 1.420 1.185 0.197 -0.147 -0.000 0.159 -0.153 -0.000 0.000 0.000
-1.374 1.412 1.185 0.205 -0.155 -0.000 0.152 -0.152 -0.000 0.000 0.000
-1.363 1.404 1.185 0.212 -0.162 -0.000 0.144 -0.151 0.000 0.000 0.000
-1.352 1.396 1.185 0.219 -0.170 -0.000 0.135 -0.150 0.000 0.000 0.000
-1.341 1.387 1.185 0.226 -0.177 -0.000 0.125 -0.148 0.000 0.000 0.000
-1.330 1.378 1.185 0.232 -0.184 -0.000 0.115 -0.145 0.000 0.000 0.000
-1.318 1.369 1.185 0.237 -0.192 -0.000 0.104 -0.143 0.000 0.000 0.000
-1.306 1.359 1.185 0.242 -0.199 -0.000 0.093 -0.140 0.000 0.000 0.000
-1.294 1.349 1.185 0.247 -0.206 -0.000 0.081 -0.136 0.000 0.000 0.000
-1.281 1.338 1.185 0.250 -0.212 -0.000 0.068 -0.132 0.000 0.000 0.000
-1.269 1.328 1.185 0.253 -0.219 -0.000 0.055 -0.129 0.000 0.000 0.000
-1.256 1.317 1.185 0.256 -0.225 -0.000 0.042 -0.124 0.000 0.000 0.000
-1.243 1.305 1.185 0.258 -0.231 -0.000 0.029 -0.120 0.000 0.000 0.000
-1.230 1.293 1.185 0.259 -0.237 -0.000 0.015 -0.115 0.000 0.000 0.000
-1.217 1.281 1.185 0.259 -0.243 -0.000 0.001 -0.111 0.000 0.000 0.000
-1.204 1.269 1.185 0.259 -0.248 -0.000 -0.012 -0.106 0.000 0.000 0.000
-1.191 1.257 1.185 0.258 -0.253 -0.000 -0.026 -0.101 0.000 0.000 0.000
-1.179 1.244 1.185 0.256 -0.258 -0.000 -0.040 -0.096 0.000 0.000 0.000
-1.166 1.231 1.185 0.254 -0.263 -0.000 -0.053 -0.090 0.000 0.000 0.000
-1.153 1.218 1.185 0.251 -0.267 -0.000 -0.067 -0.085 0.000 0.000 0.000
-1.141 1.204 1.185 0.247 -0.271 -0.000 -0.080 -0.080 0.000 0.000 0.000
-1.128 1.190 1.185 0.243 -0.275 -0.000 -0.093 -0.075 0.000 0.000 0.000
-1.116 1.177 1.185 0.238 -0.279 -0.000 -0.105 -0.070 0.000 0.000 0.000
-1.105 1.163 1.185 0.232 -0.282 -0.000 -0.117 -0.065 0.000 0.000 0.000
-1.093 1.148 1.185 0.226 -0.285 -0.000 -0.128 -0.060 0.000 0.000 0.000
-1.082 1.134 1.185 0.220 -0.288 -0.000 -0.139 -0.055 0.000 0.000 0.000
-1.071 1.120 1.185 0.212 -0.291 0.000 -0.149 -0.051 0.000 0.000 0.000
-1.061 1.105 1.185 0.205 -0.293 0.000 -0.159 -0.046 0.000 0.000 0.000
-1.051 1.090 1.185 0.197 -0.296 0.000 -0.168 -0.042 0.000 0.000 0.000
-1.041 1.075 1.185 0.188 -0.298 0.000 -0.176 -0.038 0.000 0.000 0.000
-1.032 1.060 1.185 0.179 -0.299 0.000 -0.183 -0.034 0.000 0.000 0.000
-1.023 1.045 1.185 0.170 -0.301 0.000 -0.190 -0.031 0.000 0.000 0.000
-1.015 1.030 1.185 0.160 -0.302 0.000 -0.196 -0.027 0.000 0.000 0.000
-1.007 1.015 1.185 0.150 -0.304 0.000 -0.201 -0.024 0.000 0.000 0.000
-1.000 1.000 1.185 0.140 -0.305 0.000 -0.205 -0.021 0.000 0.000 0.000
-0.993 0.985 1.185 0.130 -0.306 0.000 -0.208 -0.019 0.000 0.000 0.000
-0.987 0.969 1.185 0.119 -0.307 0.000 -0.210 -0.016 0.000 0.000 0.000
-0.981 0.954 1.185 0.109 -0.307 0.000 -0.211 -0.014 -0.000 0.000 0.000
-0.976 0.939 1.185 0.098 -0.308 0.000 -0.212 -0.013 -0.000 0.000 0.000
-0.972 0.923 1.185 0.087 -0.309 0.000 -0.211 -0.011 -0.000 0.000 0.000
-0.967 0.908 1.185 0.077 -0.309 0.000 -0.210 -0.010 -0.000 0.000 0.000
-0.964 0.892 1.185 0.067 -0.310 0.000 -0.208 -0.009 -0.000 0.000 0.000
-0.961 0.877 1.185 0.056 -0.310 0.000 -0.205 -0.008 -0.000 0.000 0.000
-0.958 0.861 1.185 0.046 -0.310 0.000 -0.201 -0.007 -0.000 0.000 0.000
-0.956 0.846 1.185 0.036 -0.311 0.000 -0.196 -0.007 -0.000 0.000 0.000
-0.955 0.830 1.185 0.026 -0.311 0.000 -0.191 -0.006 -0.000 0.000 0.000
-0.954 0.815 1.185 0.017 -0.311 0.000 -0.185 -0.006 -0.000 0.000 0.000
-0.953 0.799 1.185 0.008 -0.312 0.000 -0.178 -0.006 -0.000 0.000 0.000
-0.953 0.784 1.185 -0.001 -0.312 0.000 -0.171 -0.006 -0.000 0.000 0.000
-0.953 0.768 1.185 -0.009 -0.312 0.000 -0.163 -0.006 -0.000 0.000 0.000
-0.954 0.752 1.185 -0.017 -0.313 0.000 -0.155 -0.006 -0.000 0.000 0.000
-0.955 0.737 1.185 -0.025 -0.313 0.000 -0.146 -0.006 -0.000 0.000 0.000
-0.956 0.721 1.185 -0.032 -0.313 0.000 -0.137 -0.007 -0.000 0.000 0.000
-0.958 0.705 1.185 -0.038 -0.314 0.000 -0.127 -0.007 -0.000 0.000 0.000
-0.960 0.690 1.185 -0.044 -0.314 -0.000 -0.117 -0.007 -0.000 0.000 0.000
-0.962 0.674 1.185 -0.050 -0.314 -0.000 -0.107 -0.007 -0.000 0.000 0.000
-0.965 0.658 1.185 -0.055 -0.315 -0.000 -0.096 -0.007 -0.000 0.000 0.000
-0.968 0.642 1.185 -0.060 -0.315 -0.000 -0.086 -0.008 -0.000 0.000 0.000
-0.971 0.627 1.185 -0.064 -0.315 -0.000 -0.075 -0.007 -0.000 0.000 0.000
-0.974 0.611 1.185 -0.067 -0.316 -0.000 -0.064 -0.007 -0.000 0.000 0.000
-0.978 0.595 1.185 -0.070 -0.316 -0.000 -0.053 -0.007 -0.000 0.000 0.000
-0.981 0.579 1.185 -0.072 -0.317 -0.000 -0.042 -0.006 -0.000 0.000 0.000
-0.985 0.563 1.185 -0.074 -0.317 -0.000 -0.031 -0.006 -0.000 0.000 0.000
-0.989 0.548 1.185 -0.076 -0.317 -0.000 -0.020 -0.005 -0.000 0.000 0.000
-0.992 0.532 1.185 -0.076 -0.317 -0.000 -0.010 -0.004 -0.000 0.000 0.000
-0.996 0.516 1.185 -0.077 -0.317 -0.000 0.001 -0.003 -0.000 0.000 0.000
-1.000 0.500 1.185 -0.076 -0.318 -0.000 0.011 -0.002 -0.000 0.000 0.000
-1.004 0.484 1.185 -0.075 -0.318 0.000 0.021 0.000 -0.000 0.000 0.000
-1.008 0.468 1.185 -0.074 -0.318 0.000 0.031 0.002 -0.000 0.000 0.000
-1.011 0.452 1.185 -0.072 -0.317 0.000 0.040 0.004 -0.000 0.000 0.000
-1.015 0.436 1.185 -0.070 -0.317 0.000 0.049 0.006 -0.000 0.000 0.000
-1.018 0.421 1.185 -0.067 -0.317 0.000 0.058 0.008 -0.000 0.000 0.000
-1.022 0.405 1.185 -0.064 -0.316 0.000 0.066 0.011 -0.000 0.000 0.000
-1.025 0.389 1.185 -0.061 -0.316 0.000 0.074 0.013 -0.000 0.000 0.000
-1.028 0.373 1.185 -0.057 -0.315 0.000 0.081 0.016 -0.000 0.000 0.000
-1.030 0.357 1.185 -0.053 -0.314 0.000 0.088 0.019 -0.000 0.000 0.000
-1.033 0.342 1.185 -0.048 -0.313 -0.000 0.095 0.022 -0.000 0.000 0.000
-1.035 0.326 1.185 -0.043 -0.312 -0.000 0.101 0.025 -0.000 0.000 0.000
-1.037 0.311 1.185 -0.038 -0.311 -0.000 0.107 0.029 -0.000 0.000 0.000
-1.039 0.295 1.185 -0.033 -0.309 -0.000 0.112 0.032 -0.000 0.000 0.000
-1.040 0.280 1.185 -0.027 -0.307 -0.000 0.117 0.035 -0.000 0.000 0.000
-1.042 0.264 1.185 -0.021 -0.306 -0.000 0.122 0.039 -0.000 0.000 0.000
-1.042 0.249 1.185 -0.015 -0.304 -0.000 0.126 0.042 -0.000 0.000 0.000
-1.043 0.234 1.185 -0.008 -0.301 -0.000 0.129 0.045 -0.000 0.000 0.000
-1.043 0.219 1.185 -0.002 -0.299 -0.000 0.132 0.049 -0.000 0.000 0.000
-1.043 0.204 1.185 0.005 -0.297 -0.000 0.135 0.052 -0.000 0.000 0.000
-1.043 0.189 1.185 0.012 -0.294 -0.000 0.137 0.055 -0.000 0.000 0.000
-1.042 0.175 1.185 0.019 -0.291 -0.000 0.139 0.058 -0.000 0.000 0.000
-1.041 0.160 1.185 0.026 -0.288 -0.000 0.141 0.061 -0.000 0.000 0.000
-1.039 0.146 1.185 0.033 -0.285 -0.000 0.142 0.064 -0.000 0.000 0.000
-1.038 0.132 1.185 0.040 -0.282 -0.000 0.143 0.066 -0.000 0.000 0.000
-1.036 0.118 1.185 0.047 -0.278 -0.000 0.143 0.069 -0.000 0.000 0.000
-1.033 0.104 1.185 0.054 -0.275 -0.000 0.143 0.071 -0.000 0.000 0.000
-1.030 0.090 1.185 0.061 -0.271 -0.000 0.143 0.073 -0.000 0.000 0.000
-1.027 0.077 1.185 0.068 -0.268 -0.000 0.142 0.075 -0.000 0.000 0.000
-1.023 0.064 1.185 0.076 -0.264 -0.000 0.142 0.076 -0.000 0.000 0.000
-1.019 0.050 1.185 0.083 -0.260 -0.000 0.140 0.077 -0.000 0.000 0.000
-1.015 0.038 1.185 0.090 -0.256 -0.000 0.139 0.078 -0.000 0.000 0.000
-1.010 0.025 1.185 0.097 -0.252 -0.000 0.137 0.079 -0.000 0.000 0.000
-1.005 0.012 1.185 0.103 -0.248 -0.000 0.136 0.079 -0.000 0.000 0.000
-1.000 -0.000 1.185 0.110 -0.244 -0.000 0.133 0.079 -0.000 0.000 0.000
-0.994 -0.012 1.185 0.117 -0.240 -0.000 0.131 0.078 0.000 0.000 0.000
-0.988 -0.024 1.185 0.123 -0.236 -0.000 0.129 0.078 0.000 0.000 0.000
-0.982 -0.036 1.185 0.130 -0.233 -0.000 0.126 0.077 0.000 0.000 0.000
-0.975 -0.047 1.185 0.136 -0.229 -0.000 0.123 0.075 0.000 0.000 0.000
-0.968 -0.059 1.185 0.142 -0.225 -0.000 0.120 0.073 0.000 0.000 0.000
-0.961 -0.070 1.185 0.148 -0.221 -0.000 0.117 0.071 0.000 0.000 0.000
-0.954 -0.081 1.185 0.154 -0.218 -0.000 0.114 0.069 0.000 0.000 0.000
-0.946 -0.092 1.185 0.159 -0.215 -0.000 0.111 0.066 0.000 0.000 0.000
-0.938 -0.102 1.185 0.165 -0.211 -0.000 0.108 0.063 0.000 0.000 0.000
-0.929 -0.113 1.185 0.170 -0.208 -0.000 0.104 0.060 0.000 0.000 0.000
-0.921 -0.123 1.185 0.175 -0.205 -0.000 0.101 0.057 0.000 0.000 0.000
-0.912 -0.133 1.185 0.180 -0.203 -0.000 0.097 0.053 0.000 0.000 0.000
-0.903 -0.143 1.185 0.185 -0.200 -0.000 0.093 0.049 0.000 0.000 0.000
-0.893 -0.153 1.185 0.189 -0.198 -0.000 0.090 0.045 0.000 0.000 0.000
-0.884 -0.163 1.185 0.194 -0.196 -0.000 0.086 0.041 0.000 0.000 0.000
-0.874 -0.173 1.185 0.198 -0.194 -0.000 0.082 0.036 0.000 0.000 0.000
-0.864 -0.182 1.185 0.202 -0.192 -0.000 0.079 0.031 0.000 0.000 0.000
-0.854 -0.192 1.185 0.206 -0.190 -0.000 0.075 0.027 0.000 0.000 0.000
-0.843 -0.202 1.185 0.210 -0.189 0.000 0.071 0.022 0.000 0.000 0.000
-0.833 -0.211 1.185 0.213 -0.188 0.000 0.067 0.017 0.000 0.000 0.000
-0.822 -0.220 1.185 0.216 -0.188 0.000 0.064 0.012 0.000 0.000 0.000
-0.811 -0.230 1.185 0.219 -0.187 0.000 0.060 0.006 0.000 0.000 0.000
-0.800 -0.239 1.185 0.222 -0.187 0.000 0.056 0.001 0.000 0.000 0.000
-0.789 -0.248 1.185 0.225 -0.187 0.000 0.053 -0.004 0.000 0.000 0.000
-0.778 -0.258 1.185 0.227 -0.187 0.000 0.049 -0.009 0.000 0.000 0.000
-0.766 -0.267 1.185 0.230 -0.188 0.000 0.045 -0.014 0.000 0.000 0.000
-0.755 -0.277 1.185 0.232 -0.189 0.000 0.042 -0.019 0.000 0.000 0.000
-0.743 -0.286 1.185 0.234 -0.190 0.000 0.038 -0.024 0.000 0.000 0.000
-0.731 -0.296 1.185 0.236 -0.191 0.000 0.035 -0.029 0.000 0.000 0.000
-0.719 -0.305 1.185 0.238 -0.193 0.000 0.032 -0.033 0.000 0.000 0.000
-0.708 -0.315 1.185 0.239 -0.194 0.000 0.028 -0.037 0.000 0.000 0.000
-0.696 -0.325 1.185 0.240 -0.196 0.000 0.025 -0.042 0.000 0.000 0.000
-0.684 -0.334 1.185 0.242 -0.199 0.000 0.022 -0.046 0.000 0.000 0.000
-0.671 -0.344 1.185 0.243 -0.201 0.000 0.019 -0.049 0.000 0.000 0.000
-0.659 -0.355 1.185 0.243 -0.204 0.000 0.016 -0.053 0.000 0.000 0.000
-0.647 -0.365 1.185 0.244 -0.206 0.000 0.013 -0.056 0.000 0.000 0.000
-0.635 -0.375 1.185 0.245 -0.209 0.000 0.010 -0.059 0.000 0.000 0.000
-0.623 -0.386 1.185 0.245 -0.212 0.000 0.008 -0.061 0.000 0.000 0.000
-0.610 -0.396 1.185 0.246 -0.215 0.000 0.005 -0.063 0.000 0.000 0.000
-0.598 -0.407 1.185 0.246 -0.218 0.000 0.003 -0.065 0.000 0.000 0.000
-0.586 -0.418 1.185 0.246 -0.222 0.000 0.000 -0.066 -0.000 0.000 0.000
-0.573 -0.429 1.185 0.246 -0.225 0.000 -0.002 -0.067 -0.000 0.000 0.000
-0.561 -0.441 1.185 0.246 -0.228 0.000 -0.004 -0.068 -0.000 0.000 0.000
-0.549 -0.452 1.185 0.245 -0.232 0.000 -0.006 -0.068 -0.000 0.000 0.000
-0.537 -0.464 1.185 0.245 -0.235 0.000 -0.008 -0.068 -0.000 0.000 0.000
-0.524 -0.476 1.185 0.245 -0.239 0.000 -0.010 -0.067 -0.000 0.000 0.000
-0.512 -0.488 1.185 0.244 -0.242 0.000 -0.012 -0.066 -0.000 0.000 0.000
-0.500 -0.500 1.185 0.243 -0.245 0.000 -0.014 -0.064 -0.000 0.000 0.000
-0.488 -0.512 1.185 0.243 -0.248 0.000 -0.015 -0.062 -0.000 0.000 0.000
-0.476 -0.525 1.185 0.242 -0.251 0.000 -0.017 -0.060 -0.000 0.000 0.000
-0.464 -0.537 1.185 0.241 -0.254 0.000 -0.018 -0.057 -0.000 0.000 0.000
-0.452 -0.550 1.185 0.240 -0.257 0.000 -0.020 -0.053 -0.000 0.000 0.000
-0.440 -0.563 1.185 0.239 -0.260 0.000 -0.021 -0.049 -0.000 0.000 0.000
-0.428 -0.576 1.185 0.238 -0.262 0.000 -0.022 -0.045 -0.000 0.000 0.000
-0.416 -0.589 1.185 0.237 -0.264 0.000 -0.023 -0.041 -0.000 0.000 0.000
-0.404 -0.603 1.185 0.236 -0.266 0.000 -0.024 -0.035 -0.000 0.000 0.000
-0.392 -0.616 1.185 0.234 -0.268 0.000 -0.025 -0.030 -0.000 0.000 0.000
-0.381 -0.629 1.185 0.233 -0.269 0.000 -0.025 -0.024 -0.000 0.000 0.000
-0.369 -0.643 1.185 0.232 -0.270 0.000 -0.026 -0.018 -0.000 0.000 0.000
-0.357 -0.656 1.185 0.231 -0.271 0.000 -0.026 -0.011 -0.000 0.000 0.000
-0.346 -0.670 1.185 0.229 -0.271 0.000 -0.027 -0.004 -0.000 0.000 0.000
-0.335 -0.683 1.185 0.228 -0.271 0.000 -0.027 0.003 -0.000 0.000 0.000
-0.323 -0.697 1.185 0.227 -0.271 0.000 -0.027 0.010 -0.000 0.000 0.000
-0.312 -0.711 1.185 0.225 -0.270 0.000 -0.027 0.018 -0.000 0.000 0.000
-0.301 -0.724 1.185 0.224 -0.269 0.000 -0.027 0.026 -0.000 0.000 0.000
-0.289 -0.737 1.185 0.222 -0.268 0.000 -0.027 0.034 -0.000 0.000 0.000
-0.278 -0.751 1.185 0.221 -0.266 0.000 -0.027 0.042 -0.000 0.000 0.000
-0.267 -0.764 1.185 0.220 -0.263 0.000 -0.027 0.051 -0.000 0.000 0.000
-0.256 -0.777 1.185 0.218 -0.261 0.000 -0.027 0.060 -0.000 0.000 0.000
-0.246 -0.790 1.185 0.217 -0.257 0.000 -0.027 0.068 -0.000 0.000 0.000
-0.235 -0.803 1.185 0.216 -0.254 0.000 -0.026 0.077 -0.000 0.000 0.000
-0.224 -0.815 1.185 0.214 -0.250 0.000 -0.026 0.086 -0.000 0.000 0.000
-0.213 -0.828 1.185 0.213 -0.245 0.000 -0.025 0.095 -0.000 0.000 0.000
-0.203 -0.840 1.185 0.212 -0.240 0.000 -0.025 0.104 -0.000 0.000 0.000
-0.192 -0.852 1.185 0.211 -0.235 0.000 -0.024 0.113 -0.000 0.000 0.000
-0.182 -0.863 1.185 0.210 -0.229 0.000 -0.023 0.122 -0.000 0.000 0.000
-0.171 -0.875 1.185 0.208 -0.222 0.000 -0.022 0.131 -0.000 0.000 0.000
-0.161 -0.886 1.185 0.207 -0.216 0.000 -0.021 0.140 -0.000 0.000 0.000
-0.150 -0.896 1.185 0.206 -0.208 0.000 -0.021 0.148 -0.000 0.000 0.000
-0.140 -0.906 1.185 0.205 -0.201 0.000 -0.020 0.157 -0.000 0.000 0.000
-0.130 -0.916 1.185 0.204 -0.193 0.000 -0.019 0.165 -0.000 0.000 0.000
-0.120 -0.926 1.185 0.203 -0.184 0.000 -0.018 0.173 -0.000 0.000 0.000
-0.110 -0.935 1.185 0.203 -0.175 0.000 -0.017 0.181 -0.000 0.000 0.000
-0.099 -0.943 1.185 0.202 -0.166 0.000 -0.016 0.189 -0.000 0.000 0.000
-0.089 -0.951 1.185 0.201 -0.157 0.000 -0.014 0.196 -0.000 0.000 0.000
-0.079 -0.959 1.185 0.200 -0.147 0.000 -0.013 0.203 -0.000 0.000 0.000
-0.069 -0.966 1.185 0.200 -0.136 0.000 -0.012 0.210 -0.000 0.000 0.000
-0.059 -0.973 1.185 0.199 -0.126 0.000 -0.011 0.216 -0.000 0.000 0.000
-0.049 -0.979 1.185 0.199 -0.115 0.000 -0.010 0.223 -0.000 0.000 0.000
-0.039 -0.984 1.185 0.198 -0.103 0.000 -0.008 0.228 -0.000 0.000 0.000
-0.030 -0.989 1.185 0.198 -0.092 0.000 -0.007 0.233 -0.000 0.000 0.000
-0.020 -0.993 1.185 0.197 -0.080 0.000 -0.006 0.238 -0.000 0.000 0.000
-0.010 -0.997 1.185 0.197 -0.068 0.000 -0.005 0.243 -0.000 0.000 0.000
0.000 -1.000 1.185 0.197 -0.056 0.000 -0.004 0.247 -0.000 0.000 0.000
0.010 -1.002 1.185 0.197 -0.043 0.000 -0.002 0.250 -0.000 0.000 0.000
0.020 -1.004 1.185 0.197 -0.031 0.000 -0.001 0.253 -0.000 0.000 0.000
0.030 -1.006 1.185 0.197 -0.018 0.000 0.000 0.256 -0.000 0.000 0.000
0.039 -1.006 1.185 0.197 -0.005 0.000 0.001 0.258 -0.000 0.000 0.000
0.049 -1.006 1.185 0.197 0.008 0.000 0.002 0.260 -0.000 0.000 0.000
0.059 -1.005 1.185 0.197 0.021 0.000 0.004 0.261 -0.000 0.000 0.000
0.069 -1.004 1.185 0.197 0.034 -0.000 0.005 0.262 -0.000 0.000 0.000
0.079 -1.002 1.185 0.197 0.047 -0.000 0.006 0.262 -0.000 0.000 0.000
0.089 -0.999 1.185 0.198 0.060 -0.000 0.007 0.261 -0.000 0.000 0.000
0.098 -0.996 1.185 0.198 0.073 -0.000 0.008 0.261 -0.000 0.000 0.000
0.108 -0.992 1.185 0.198 0.086 -0.000 0.009 0.259 -0.000 0.000 0.000
0.118 -0.987 1.185 0.199 0.099 -0.000 0.010 0.258 -0.000 0.000 0.000
0.128 -0.982 1.185 0.199 0.112 -0.000 0.011 0.255 -0.000 0.000 0.000
0.138 -0.976 1.185 0.200 0.125 -0.000 0.012 0.253 -0.000 0.000 0.000
0.148 -0.970 1.185 0.201 0.137 -0.000 0.012 0.249 -0.000 0.000 0.000
0.158 -0.962 1.185 0.201 0.149 -0.000 0.013 0.246 -0.000 0.000 0.000
0.168 -0.955 1.185 0.202 0.162 -0.000 0.014 0.242 -0.000 0.000 0.000
0.179 -0.946 1.185 0.203 0.174 -0.000 0.015 0.237 -0.000 0.000 0.000
0.189 -0.937 1.185 0.203 0.185 -0.000 0.015 0.232 -0.000 0.000 0.000
0.199 -0.928 1.185 0.204 0.197 -0.000 0.016 0.227 -0.000 0.000 0.000
0.209 -0.918 1.185 0.205 0.208 -0.000 0.016 0.221 -0.000 0.000 0.000
0.219 -0.907 1.185 0.206 0.219 -0.000 0.016 0.215 0.000 0.000 0.000
0.230 -0.896 1.185 0.207 0.230 -0.000 0.017 0.209 0.000 0.000 0.000
0.240 -0.884 1.185 0.207 0.240 -0.000 0.017 0.202 0.000 0.000 0.000
0.250 -0.872 1.185 0.208 0.250 -0.000 0.017 0.195 0.000 0.000 0.000
0.261 -0.859 1.185 0.209 0.259 -0.000 0.017 0.187 0.000 0.000 0.000
0.271 -0.846 1.185 0.210 0.268 -0.000 0.017 0.179 0.000 0.000 0.000
0.282 -0.832 1.185 0.211 0.277 -0.000 0.017 0.171 0.000 0.000 0.000
0.292 -0.818 1.185 0.212 0.286 -0.000 0.017 0.163 0.000 0.000 0.000
0.303 -0.804 1.185 0.213 0.293 -0.000 0.017 0.154 0.000 0.000 0.000
0.314 -0.789 1.185 0.213 0.301 -0.000 0.017 0.145 0.000 0.000 0.000
0.324 -0.774 1.185 0.214 0.308 -0.000 0.016 0.136 0.000 0.000 0.000
0.335 -0.758 1.185 0.215 0.315 -0.000 0.016 0.127 0.000 0.000 0.000
0.346 -0.742 1.185 0.216 0.321 -0.000 0.015 0.118 0.000 0.000 0.000
0.357 -0.726 1.185 0.217 0.326 -0.000 0.015 0.108 0.000 0.000 0.000
0.368 -0.709 1.185 0.217 0.332 0.000 0.014 0.098 0.000 0.000 0.000
0.378 -0.693 1.185 0.218 0.336 0.000 0.014 0.089 0.000 0.000 0.000
0.389 -0.676 1.185 0.219 0.340 0.000 0.013 0.079 0.000 0.000 0.000
0.400 -0.659 1.185 0.219 0.344 0.000 0.012 0.069 0.000 0.000 0.000
0.411 -0.641 1.185 0.220 0.347 0.000 0.011 0.059 0.000 0.000 0.000
0.422 -0.624 1.185 0.220 0.350 0.000 0.010 0.049 0.000 0.000 0.000
0.433 -0.606 1.185 0.221 0.352 0.000 0.009 0.039 0.000 0.000 0.000
0.444 -0.589 1.185 0.221 0.354 0.000 0.008 0.029 0.000 0.000 0.000
0.456 -0.571 1.185 0.222 0.355 0.000 0.007 0.019 0.000 0.000 0.000
0.467 -0.553 1.185 0.222 0.356 0.000 0.006 0.009 0.000 0.000 0.000
0.478 -0.536 1.185 0.222 0.356 0.000 0.005 -0.001 0.000 0.000 0.000
0.489 -0.518 1.185 0.223 0.356 0.000 0.004 -0.011 0.000 0.000 0.000
0.500 -0.500 1.185 0.223 0.355 0.000 0.003 -0.021 0.000 0.000 0.000
0.511 -0.482 1.185 0.223 0.353 0.000 0.002 -0.030 0.000 0.000 0.000
0.522 -0.465 1.185 0.223 0.352 0.000 0.001 -0.039 0.000 0.000 0.000
0.533 -0.447 1.185 0.223 0.350 0.000 -0.001 -0.049 0.000 0.000 0.000
0.545 -0.430 1.185 0.223 0.347 0.000 -0.002 -0.058 0.000 0.000 0.000
0.556 -0.412 1.185 0.223 0.344 0.000 -0.003 -0.066 0.000 0.000 0.000
0.567 -0.395 1.185 0.223 0.340 0.000 -0.004 -0.075 0.000 0.000 0.000
0.578 -0.378 1.185 0.222 0.336 0.000 -0.005 -0.083 0.000 0.000 0.000
0.589 -0.362 1.185 0.222 0.332 0.000 -0.006 -0.091 0.000 0.000 0.000
0.600 -0.345 1.185 0.222 0.327 0.000 -0.007 -0.099 0.000 0.000 0.000
0.611 -0.329 1.185 0.221 0.322 0.000 -0.008 -0.107 0.000 0.000 0.000
0.622 -0.313 1.185 0.221 0.316 0.000 -0.009 -0.114 0.000 0.000 0.000
0.633 -0.297 1.185 0.221 0.311 0.000 -0.010 -0.121 0.000 0.000 0.000
0.644 -0.282 1.185 0.220 0.304 0.000 -0.010 -0.127 0.000 0.000 0.000
0.655 -0.267 1.185 0.220 0.298 0.000 -0.011 -0.133 0.000 0.000 0.000
0.666 -0.252 1.185 0.219 0.291 0.000 -0.012 -0.139 0.000 0.000 0.000
0.677 -0.238 1.185 0.218 0.284 0.000 -0.012 -0.145 0.000 0.000 0.000
0.688 -0.224 1.185 0.218 0.277 0.000 -0.012 -0.150 0.000 0.000 0.000
0.699 -0.210 1.185 0.217 0.269 0.000 -0.013 -0.155 0.000 0.000 0.000
0.710 -0.197 1.185 0.217 0.261 0.000 -0.013 -0.159 0.000 0.000 0.000
0.721 -0.184 1.185 0.216 0.253 0.000 -0.012 -0.163 0.000 0.000 0.000
0.732 -0.172 1.185 0.215 0.245 0.000 -0.012 -0.166 0.000 0.000 0.000
0.742 -0.160 1.185 0.215 0.236 0.000 -0.012 -0.170 -0.000 0.000 0.000
0.753 -0.148 1.185 0.214 0.228 0.000 -0.011 -0.172 -0.000 0.000 0.000
0.764 -0.137 1.185 0.214 0.219 0.000 -0.011 -0.175 -0.000 0.000 0.000
0.774 -0.126 1.185 0.213 0.210 0.000 -0.010 -0.176 -0.000 0.000 0.000
0.785 -0.116 1.185 0.213 0.202 0.000 -0.009 -0.178 -0.000 0.000 0.000
0.796 -0.106 1.185 0.212 0.193 0.000 -0.007 -0.179 -0.000 0.000 0.000
0.806 -0.097 1.185 0.212 0.184 0.000 -0.006 -0.179 -0.000 0.000 0.000
0.817 -0.088 1.185 0.212 0.175 0.000 -0.004 -0.179 -0.000 0.000 0.000
0.827 -0.079 1.185 0.211 0.166 0.000 -0.003 -0.179 -0.000 0.000 0.000
0.838 -0.071 1.185 0.211 0.157 0.000 -0.001 -0.178 -0.000 0.000 0.000
0.849 -0.063 1.185 0.211 0.148 0.000 0.001 -0.177 -0.000 0.000 0.000
0.859 -0.056 1.185 0.211 0.139 0.000 0.004 -0.175 -0.000 0.000 0.000
0.870 -0.049 1.185 0.212 0.130 0.000 0.006 -0.173 -0.000 0.000 0.000
0.880 -0.043 1.185 0.212 0.122 0.000 0.009 -0.171 -0.000 0.000 0.000
0.891 -0.037 1.185 0.213 0.113 0.000 0.012 -0.168 -0.000 0.000 0.000
0.902 -0.032 1.185 0.213 0.105 0.000 0.015 -0.165 -0.000 0.000 0.000
0.912 -0.027 1.185 0.214 0.097 0.000 0.018 -0.161 -0.000 0.000 0.000
0.923 -0.022 1.185 0.215 0.089 0.000 0.021 -0.157 -0.000 0.000 0.000
0.934 -0.018 1.185 0.216 0.081 0.000 0.024 -0.153 -0.000 0.000 0.000
0.945 -0.014 1.185 0.217 0.074 0.000 0.028 -0.148 -0.000 0.000 0.000
0.955 -0.011 1.185 0.219 0.066 0.000 0.032 -0.143 -0.000 0.000 0.000
0.966 -0.007 1.185 0.221 0.059 0.000 0.035 -0.138 -0.000 0.000 0.000
0.978 -0.005 1.185 0.223 0.052 0.000 0.039 -0.133 -0.000 0.000 0.000
0.989 -0.002 1.185 0.225 0.046 0.000 0.043 -0.127 -0.000 0.000 0.000
1.000 -0.000 1.185 0.227 0.040 0.000 0.047 -0.121 -0.000 0.000 0.000
1.011 0.002 1.185 0.229 0.034 0.000 0.051 -0.114 -0.000 0.000 0.000
1.023 0.003 1.185 0.232 0.028 0.000 0.055 -0.108 -0.000 0.000 0.000
1.035 0.005 1.185 0.235 0.023 0.000 0.059 -0.101 -0.000 0.000 0.000
1.046 0.006 1.185 0.238 0.018 0.000 0.063 -0.094 -0.000 0.000 0.000
1.058 0.007 1.185 0.241 0.014 0.000 0.067 -0.087 -0.000 0.000 0.000
1.071 0.007 1.185 0.245 0.009 0.000 0.071 -0.080 -0.000 0.000 0.000
1.083 0.007 1.185 0.248 0.006 0.000 0.074 -0.073 -0.000 0.000 0.000
1.095 0.008 1.185 0.252 0.002 0.000 0.078 -0.066 -0.000 0.000 0.000
1.108 0.008 1.185 0.256 -0.001 0.000 0.081 -0.059 -0.000 0.000 0.000
1.121 0.008 1.185 0.260 -0.004 0.000 0.085 -0.052 -0.000 0.000 0.000
1.134 0.007 1.185 0.264 -0.006 0.000 0.088 -0.045 -0.000 0.000 0.000
1.147 0.007 1.185 0.269 -0.008 0.000 0.090 -0.038 -0.000 0.000 0.000
1.161 0.007 1.185 0.273 -0.010 0.000 0.093 -0.031 -0.000 0.000 0.000
1.175 0.006 1.185 0.278 -0.011 0.000 0.095 -0.024 -0.000 0.000 0.000
1.189 0.005 1.185 0.283 -0.012 0.000 0.097 -0.017 -0.000 0.000 0.000
1.203 0.005 1.185 0.288 -0.013 0.000 0.098 -0.011 -0.000 0.000 0.000
1.218 0.004 1.185 0.293 -0.013 0.000 0.099 -0.005 -0.000 0.000 0.000
1.232 0.003 1.185 0.298 -0.014 0.000 0.100 0.001 -0.000 0.000 0.000
1.247 0.003 1.185 0.303 -0.013 0.000 0.100 0.006 0.000 0.000 0.000
1.263 0.002 1.185 0.308 -0.013 0.000 0.100 0.011 0.000 0.000 0.000
1.278 0.001 1.185 0.313 -0.012 0.000 0.099 0.016 0.000 0.000 0.000
1.294 0.001 1.185 0.318 -0.011 0.000 0.098 0.021 0.000 0.000 0.000
1.310 0.000 1.185 0.323 -0.010 0.000 0.097 0.025 0.000 0.000 0.000
1.326 -0.000 1.185 0.327 -0.009 0.000 0.094 0.029 0.000 0.000 0.000
1.343 -0.001 1.185 0.332 -0.007 0.000 0.092 0.032 0.000 0.000 0.000
1.359 -0.001 1.185 0.337 -0.006 0.000 0.088 0.035 0.000 0.000 0.000
1.376 -0.001 1.185 0.341 -0.004 0.000 0.084 0.037 0.000 0.000 0.000
1.393 -0.001 1.185 0.345 -0.002 0.000 0.080 0.039 0.000 0.000 0.000
1.411 -0.001 1.185 0.349 0.000 0.000 0.075 0.040 0.000 0.000 0.000
1.428 -0.001 1.185 0.352 0.002 0.000 0.069 0.041 0.000 0.000 0.000
1.446 -0.001 1.185 0.356 0.004 0.000 0.063 0.041 0.000 0.000 0.000
1.464 -0.001 1.185 0.359 0.006 0.000 0.057 0.041 0.000 0.000 0.000
1.482 -0.000 1.185 0.361 0.008 0.000 0.049 0.040 0.000 0.000 0.000
1.500 -0.000 1.185 0.364 0.010 0.000 0.041 0.039 0.000 0.000 0.000
1.518 0.001 1.185 0.366 0.012 0.000 0.033 0.037 0.000 0.000 0.000
1.537 0.001 1.185 0.367 0.014 0.000 0.024 0.035 0.000 0.000 0.000
1.555 0.002 1.185 0.368 0.016 0.000 0.015 0.032 0.000 0.000 0.000
1.573 0.003 1.185 0.368 0.017 0.000 0.005 0.029 0.000 0.000 0.000
1.592 0.004 1.185 0.368 0.019 0.000 -0.006 0.026 0.000 0.000 0.000
1.610 0.005 1.185 0.368 0.020 0.000 -0.016 0.022 0.000 0.000 0.000
1.629 0.006 1.185 0.367 0.021 0.000 -0.027 0.017 0.000 0.000 0.000
1.647 0.007 1.185 0.365 0.021 0.000 -0.039 0.013 0.000 0.000 0.000
1.665 0.008 1.185 0.363 0.022 0.000 -0.051 0.007 0.000 0.000 0.000
1.683 0.009 1.185 0.360 0.022 0.000 -0.063 0.002 0.000 0.000 0.000
1.701 0.010 1.185 0.357 0.022 0.000 -0.075 -0.004 0.000 0.000 0.000
1.719 0.011 1.185 0.353 0.022 0.000 -0.087 -0.010 0.000 0.000 0.000
1.736 0.012 1.185 0.348 0.021 0.000 -0.100 -0.016 0.000 0.000 0.000
1.754 0.013 1.185 0.343 0.020 0.000 -0.113 -0.023 0.000 0.000 0.000
1.771 0.014 1.185 0.337 0.019 0.000 -0.125 -0.029 0.000 0.000 0.000
1.787 0.015 1.185 0.330 0.017 0.000 -0.138 -0.036 0.000 0.000 0.000
1.804 0.016 1.185 0.323 0.015 0.000 -0.151 -0.043 0.000 0.000 0.000
1.819 0.017 1.185 0.315 0.013 0.000 -0.163 -0.050 0.000 0.000 0.000
1.835 0.017 1.185 0.307 0.010 0.000 -0.176 -0.057 0.000 0.000 0.000
1.850 0.018 1.185 0.297 0.007 0.000 -0.188 -0.063 0.000 0.000 0.000
1.865 0.018 1.185 0.288 0.004 0.000 -0.200 -0.070 0.000 0.000 0.000
1.879 0.018 1.185 0.277 0.000 0.000 -0.211 -0.077 0.000 0.000 0.000
1.892 0.018 1.185 0.267 -0.004 0.000 -0.223 -0.084 -0.000 0.000 0.000
1.906 0.018 1.185 0.255 -0.008 0.000 -0.234 -0.090 -0.000 0.000 0.000
1.918 0.017 1.185 0.243 -0.013 0.000 -0.244 -0.096 -0.000 0.000 0.000
1.930 0.016 1.185 0.231 -0.018 0.000 -0.254 -0.102 -0.000 0.000 0.000
1.941 0.015 1.185 0.218 -0.023 0.000 -0.264 -0.108 -0.000 0.000 0.000
1.952 0.014 1.185 0.204 -0.028 0.000 -0.273 -0.113 -0.000 0.000 0.000
1.962 0.013 1.185 0.191 -0.034 0.000 -0.281 -0.119 -0.000 0.000 0.000
1.971 0.011 1.185 0.176 -0.040 0.000 -0.289 -0.123 -0.000 0.000 0.000
1.979 0.008 1.185 0.162 -0.047 0.000 -0.296 -0.128 -0.000 0.000 0.000
1.987 0.006 1.185 0.147 -0.053 0.000 -0.302 -0.132 -0.000 0.000 0.000
1.994 0.003 1.185 0.131 -0.060 0.000 -0.308 -0.135 -0.000 0.000 0.000
2.000 -0.000 1.185 0.116 -0.067 0.000 -0.313 -0.138 -0.000 0.000 0.000
2.005 -0.004 1.185 0.100 -0.074 0.000 -0.318 -0.141 -0.000 0.000 0.000
2.010 -0.007 1.185 0.084 -0.081 0.000 -0.321 -0.143 -0.000 0.000 0.000
2.014 -0.012 1.185 0.068 -0.088 0.000 -0.324 -0.145 -0.000 0.000 0.000
2.017 -0.016 1.185 0.052 -0.095 0.000 -0.326 -0.147 -0.000 0.000 0.000
2.019 -0.021 1.185 0.036 -0.103 0.000 -0.327 -0.148 -0.000 0.000 0.000
2.020 -0.026 1.185 0.019 -0.110 0.000 -0.328 -0.148 -0.000 0.000 0.000
2.021 -0.032 1.185 0.003 -0.117 0.000 -0.327 -0.148 -0.000 0.000 0.000
2.021 -0.038 1.185 -0.014 -0.125 0.000 -0.326 -0.147 -0.000 0.000 0.000
2.020 -0.045 1.185 -0.030 -0.132 0.000 -0.324 -0.146 -0.000 0.000 0.000
2.018 -0.051 1.185 -0.046 -0.139 0.000 -0.322 -0.145 -0.000 0.000 0.000
2.015 -0.059 1.185 -0.062 -0.147 0.000 -0.319 -0.143 -0.000 0.000 0.000
2.011 -0.066 1.185 -0.078 -0.154 0.000 -0.314 -0.141 -0.000 0.000 0.000
2.007 -0.074 1.185 -0.093 -0.161 0.000 -0.310 -0.138 -0.000 0.000 0.000
2.002 -0.082 1.185 -0.109 -0.167 0.000 -0.304 -0.135 -0.000 0.000 0.000
1.996 -0.091 1.185 -0.124 -0.174 0.000 -0.298 -0.131 -0.000 0.000 0.000
1.990 -0.099 1.185 -0.139 -0.181 0.000 -0.292 -0.127 -0.000 0.000 0.000
1.982 -0.109 1.185 -0.153 -0.187 0.000 -0.284 -0.123 -0.000 0.000 0.000
1.974 -0.118 1.185 -0.167 -0.193 0.000 -0.276 -0.119 -0.000 0.000 0.000
1.966 -0.128 1.185 -0.181 -0.199 0.000 -0.268 -0.114 -0.000 0.000 0.000
1.956 -0.138 1.185 -0.194 -0.204 0.000 -0.259 -0.109 -0.000 0.000 0.000
1.946 -0.148 1.185 -0.207 -0.210 0.000 -0.249 -0.103 -0.000 0.000 0.000
1.936 -0.159 1.185 -0.219 -0.215 0.000 -0.240 -0.098 -0.000 0.000 0.000
1.924 -0.170 1.185 -0.231 -0.219 0.000 -0.229 -0.092 -0.000 0.000 0.000
1.913 -0.181 1.185 -0.242 -0.224 0.000 -0.219 -0.086 -0.000 0.000 0.000
1.900 -0.192 1.185 -0.252 -0.228 0.000 -0.208 -0.080 -0.000 0.000 0.000
1.887 -0.204 1.185 -0.262 -0.232 0.000 -0.196 -0.074 -0.000 0.000 0.000
1.874 -0.215 1.185 -0.272 -0.235 0.000 -0.185 -0.067 -0.000 0.000 0.000
1.860 -0.227 1.185 -0.281 -0.238 -0.000 -0.173 -0.061 -0.000 0.000 0.000
1.846 -0.239 1.185 -0.289 -0.241 -0.000 -0.161 -0.055 -0.000 0.000 0.000
1.831 -0.251 1.185 -0.297 -0.244 -0.000 -0.149 -0.048 -0.000 0.000 0.000
1.816 -0.264 1.185 -0.304 -0.246 -0.000 -0.136 -0.042 -0.000 0.000 0.000
1.801 -0.276 1.185 -0.311 -0.248 -0.000 -0.124 -0.035 -0.000 0.000 0.000
1.785 -0.288 1.185 -0.317 -0.250 -0.000 -0.112 -0.029 -0.000 0.000 0.000
1.769 -0.301 1.185 -0.322 -0.251 -0.000 -0.099 -0.023 -0.000 0.000 0.000
1.753 -0.313 1.185 -0.326 -0.252 -0.000 -0.087 -0.017 -0.000 0.000 0.000
1.737 -0.326 1.185 -0.331 -0.253 -0.000 -0.075 -0.011 -0.000 0.000 0.000
1.720 -0.339 1.185 -0.334 -0.253 -0.000 -0.063 -0.005 -0.000 0.000 0.000
1.703 -0.351 1.185 -0.337 -0.253 -0.000 -0.051 0.000 -0.000 0.000 0.000
1.686 -0.364 1.185 -0.339 -0.253 -0.000 -0.039 0.005 -0.000 0.000 0.000
1.669 -0.377 1.185 -0.341 -0.253 -0.000 -0.028 0.010 -0.000 0.000 0.000
1.652 -0.389 1.185 -0.342 -0.252 -0.000 -0.016 0.015 -0.000 0.000 0.000
1.635 -0.402 1.185 -0.342 -0.251 -0.000 -0.005 0.020 -0.000 0.000 0.000
1.618 -0.414 1.185 -0.342 -0.250 -0.000 0.005 0.024 -0.000 0.000 0.000
1.601 -0.427 1.185 -0.342 -0.249 -0.000 0.016 0.028 -0.000 0.000 0.000
1.584 -0.439 1.185 -0.341 -0.247 -0.000 0.026 0.031 -0.000 0.000 0.000
1.567 -0.452 1.185 -0.339 -0.246 -0.000 0.035 0.034 -0.000 0.000 0.000
1.550 -0.464 1.185 -0.337 -0.244 -0.000 0.044 0.037 -0.000 0.000 0.000
1.533 -0.476 1.185 -0.335 -0.242 -0.000 0.053 0.040 -0.000 0.000 0.000
1.517 -0.488 1.185 -0.332 -0.240 -0.000 0.061 0.042 -0.000 0.000 0.000
1.500 -0.500 1.185 -0.329 -0.238 -0.000 0.069 0.043 -0.000 0.000 0.000
1.484 -0.512 1.185 -0.325 -0.236 0.000 0.076 0.045 -0.000 0.000 0.000
1.467 -0.524 1.185 -0.321 -0.233 0.000 0.082 0.045 -0.000 0.000 0.000
1.452 -0.535 1.185 -0.317 -0.231 0.000 0.089 0.046 -0.000 0.000 0.000
1.436 -0.547 1.185 -0.312 -0.229 0.000 0.094 0.046 -0.000 0.000 0.000
1.420 -0.558 1.185 -0.308 -0.226 0.000 0.099 0.046 -0.000 0.000 0.000
1.405 -0.569 1.185 -0.302 -0.224 0.000 0.104 0.045 -0.000 0.000 0.000
1.390 -0.580 1.185 -0.297 -0.222 0.000 0.108 0.044 -0.000 0.000 0.000
1.375 -0.592 1.185 -0.292 -0.220 0.000 0.111 0.043 -0.000 0.000 0.000
1.361 -0.602 1.185 -0.286 -0.218 0.000 0.114 0.041 -0.000 0.000 0.000
1.347 -0.613 1.185 -0.280 -0.216 0.000 0.116 0.040 -0.000 0.000 0.000
1.333 -0.624 1.185 -0.274 -0.214 0.000 0.118 0.037 -0.000 0.000 0.000
1.319 -0.635 1.185 -0.268 -0.212 0.000 0.120 0.035 -0.000 0.000 0.000
1.306 -0.645 1.185 -0.262 -0.210 0.000 0.121 0.032 -0.000 0.000 0.000
1.293 -0.656 1.185 -0.256 -0.209 0.000 0.121 0.029 -0.000 0.000 0.000
1.280 -0.666 1.185 -0.250 -0.207 0.000 0.121 0.026 -0.000 0.000 0.000
1.268 -0.676 1.185 -0.244 -0.206 0.000 0.120 0.023 -0.000 0.000 0.000
1.256 -0.687 1.185 -0.238 -0.205 0.000 0.119 0.019 -0.000 0.000 0.000
1.244 -0.697 1.185 -0.232 -0.204 -0.000 0.118 0.016 -0.000 0.000 0.000
1.233 -0.707 1.185 -0.227 -0.203 -0.000 0.116 0.012 -0.000 0.000 0.000
1.222 -0.717 1.185 -0.221 -0.203 -0.000 0.114 0.008 -0.000 0.000 0.000
1.211 -0.727 1.185 -0.215 -0.203 -0.000 0.111 0.004 -0.000 0.000 0.000
1.200 -0.738 1.185 -0.210 -0.203 -0.000 0.108 -0.000 -0.000 0.000 0.000
1.190 -0.748 1.185 -0.204 -0.203 -0.000 0.105 -0.004 -0.000 0.000 0.000
1.180 -0.758 1.185 -0.199 -0.203 -0.000 0.101 -0.008 -0.000 0.000 0.000
1.170 -0.768 1.185 -0.194 -0.203 -0.000 0.097 -0.012 -0.000 0.000 0.000
1.160 -0.778 1.185 -0.190 -0.204 -0.000 0.093 -0.016 -0.000 0.000 0.000
1.151 -0.788 1.185 -0.185 -0.205 -0.000 0.088 -0.020 -0.000 0.000 0.000
1.142 -0.799 1.185 -0.181 -0.206 -0.000 0.084 -0.023 -0.000 0.000 0.000
1.133 -0.809 1.185 -0.177 -0.207 -0.000 0.079 -0.027 -0.000 0.000 0.000
1.124 -0.819 1.185 -0.173 -0.209 -0.000 0.074 -0.030 -0.000 0.000 0.000
1.115 -0.830 1.185 -0.169 -0.210 -0.000 0.069 -0.033 -0.000 0.000 0.000
1.107 -0.840 1.185 -0.166 -0.212 -0.000 0.063 -0.036 -0.000 0.000 0.000
1.099 -0.851 1.185 -0.163 -0.214 -0.000 0.058 -0.039 -0.000 0.000 0.000
1.091 -0.862 1.185 -0.160 -0.216 -0.000 0.053 -0.042 -0.000 0.000 0.000
1.083 -0.873 1.185 -0.158 -0.218 -0.000 0.047 -0.044 -0.000 0.000 0.000
1.075 -0.884 1.185 -0.156 -0.220 -0.000 0.042 -0.046 -0.000 0.000 0.000
1.067 -0.895 1.185 -0.154 -0.223 -0.000 0.036 -0.047 -0.000 0.000 0.000
1.059 -0.906 1.185 -0.152 -0.225 -0.000 0.030 -0.049 -0.000 0.000 0.000
1.052 -0.917 1.185 -0.151 -0.228 -0.000 0.025 -0.050 -0.000 0.000 0.000
1.044 -0.929 1.185 -0.149 -0.230 -0.000 0.020 -0.050 -0.000 0.000 0.000
1.037 -0.940 1.185 -0.149 -0.233 -0.000 0.014 -0.050 -0.000 0.000 0.000
1.030 -0.952 1.185 -0.148 -0.235 -0.000 0.009 -0.050 -0.000 0.000 0.000
1.022 -0.964 1.185 -0.148 -0.238 -0.000 0.004 -0.050 -0.000 0.000 0.000
1.015 -0.976 1.185 -0.148 -0.240 -0.000 -0.001 -0.049 -0.000 0.000 0.000
1.007 -0.988 1.185 -0.148 -0.243 -0.000 -0.006 -0.047 -0.000 0.000 0.000
1.000 -1.000 1.185 -0.148 -0.245 -0.000 -0.011 -0.046 -0.000 0.000 0.000
0.993 -1.012 1.185 -0.149 -0.247 -0.000 -0.016 -0.044 0.000 0.000 0.000
0.985 -1.025 1.185 -0.150 -0.249 -0.000 -0.020 -0.041 0.000 0.000 0.000
0.978 -1.037 1.185 -0.151 -0.251 -0.000 -0.024 -0.038 0.000 0.000 0.000
0.970 -1.050 1.185 -0.152 -0.253 -0.000 -0.028 -0.035 0.000 0.000 0.000
0.962 -1.063 1.185 -0.154 -0.255 -0.000 -0.032 -0.031 0.000 0.000 0.000
0.955 -1.075 1.185 -0.155 -0.256 -0.000 -0.036 -0.027 0.000 0.000 0.000
0.947 -1.088 1.185 -0.157 -0.257 -0.000 -0.039 -0.023 0.000 0.000 0.000
0.939 -1.101 1.185 -0.159 -0.258 -0.000 -0.042 -0.019 0.000 0.000 0.000
0.931 -1.114 1.185 -0.162 -0.259 -0.000 -0.045 -0.014 0.000 0.000 0.000
0.923 -1.127 1.185 -0.164 -0.260 -0.000 -0.048 -0.008 0.000 0.000 0.000
0.914 -1.140 1.185 -0.166 -0.260 -0.000 -0.051 -0.003 0.000 0.000 0.000
0.906 -1.153 1.185 -0.169 -0.260 -0.000 -0.053 0.003 0.000 0.000 0.000
0.898 -1.166 1.185 -0.172 -0.260 -0.000 -0.055 0.009 0.000 0.000 0.000
0.889 -1.179 1.185 -0.175 -0.259 -0.000 -0.057 0.015 0.000 0.000 0.000
0.880 -1.192 1.185 -0.177 -0.258 -0.000 -0.059 0.021 0.000 0.000 0.000
0.871 -1.205 1.185 -0.180 -0.257 -0.000 -0.061 0.027 0.000 0.000 0.000
0.862 -1.218 1.185 -0.184 -0.256 -0.000 -0.062 0.034 0.000 0.000 0.000
0.853 -1.230 1.185 -0.187 -0.254 -0.000 -0.063 0.040 0.000 0.000 0.000
0.843 -1.243 1.185 -0.190 -0.252 -0.000 -0.064 0.047 0.000 0.000 0.000
0.834 -1.255 1.185 -0.193 -0.249 -0.000 -0.065 0.054 0.000 0.000 0.000
0.824 -1.268 1.185 -0.196 -0.246 -0.000 -0.066 0.061 0.000 0.000 0.000
0.814 -1.280 1.185 -0.200 -0.243 -0.000 -0.066 0.067 0.000 0.000 0.000
0.804 -1.292 1.185 -0.203 -0.239 -0.000 -0.067 0.074 0.000 0.000 0.000
0.794 -1.304 1.185 -0.206 -0.236 0.000 -0.067 0.080 0.000 0.000 0.000
0.783 -1.316 1.185 -0.210 -0.231 0.000 -0.067 0.087 0.000 0.000 0.000
0.773 -1.327 1.185 -0.213 -0.227 0.000 -0.067 0.093 0.000 0.000 0.000
0.762 -1.338 1.185 -0.216 -0.222 0.000 -0.067 0.099 0.000 0.000 0.000
0.751 -1.349 1.185 -0.220 -0.217 0.000 -0.067 0.105 0.000 0.000 0.000
0.740 -1.360 1.185 -0.223 -0.212 0.000 -0.066 0.111 0.000 0.000 0.000
0.729 -1.371 1.185 -0.226 -0.206 0.000 -0.066 0.116 0.000 0.000 0.000
0.718 -1.381 1.185 -0.230 -0.200 0.000 -0.066 0.121 0.000 0.000 0.000
0.706 -1.391 1.185 -0.233 -0.194 0.000 -0.065 0.126 0.000 0.000 0.000
0.694 -1.400 1.185 -0.236 -0.187 0.000 -0.064 0.131 0.000 0.000 0.000
0.682 -1.409 1.185 -0.239 -0.181 0.000 -0.064 0.135 0.000 0.000 0.000
0.670 -1.418 1.185 -0.243 -0.174 0.000 -0.063 0.139 0.000 0.000 0.000
0.658 -1.427 1.185 -0.246 -0.167 0.000 -0.062 0.142 0.000 0.000 0.000
0.646 -1.435 1.185 -0.249 -0.160 0.000 -0.061 0.145 0.000 0.000 0.000
0.633 -1.443 1.185 -0.252 -0.152 0.000 -0.061 0.147 0.000 0.000 0.000
0.621 -1.450 1.185 -0.255 -0.145 0.000 -0.060 0.150 0.000 0.000 0.000
0.608 -1.457 1.185 -0.258 -0.138 0.000 -0.059 0.151 0.000 0.000 0.000
0.595 -1.464 1.185 -0.261 -0.130 0.000 -0.058 0.153 0.000 0.000 0.000
0.582 -1.470 1.185 -0.264 -0.122 0.000 -0.057 0.153 0.000 0.000 0.000
0.568 -1.476 1.185 -0.267 -0.115 0.000 -0.057 0.154 0.000 0.000 0.000
0.555 -1.482 1.185 -0.269 -0.107 0.000 -0.056 0.153 0.000 0.000 0.000
0.541 -1.487 1.185 -0.272 -0.099 0.000 -0.055 0.153 0.000 0.000 0.000
0.528 -1.492 1.185 -0.275 -0.092 0.000 -0.054 0.152 0.000 0.000 0.000
0.514 -1.496 1.185 -0.278 -0.084 0.000 -0.053 0.150 0.000 0.000 0.000
0.500 -1.500 1.185 -0.280 -0.077 0.000 -0.052 0.148 0.000 0.000 0.000
0.486 -1.504 1.185 -0.283 -0.069 0.000 -0.052 0.145 0.000 0.000 0.000
0.472 -1.507 1.185 -0.285 -0.062 0.000 -0.051 0.142 0.000 0.000 0.000
0.457 -1.510 1.185 -0.288 -0.055 0.000 -0.050 0.139 0.000 0.000 0.000
0.443 -1.512 1.185 -0.290 -0.048 0.000 -0.049 0.135 0.000 0.000 0.000
0.428 -1.515 1.185 -0.293 -0.042 0.000 -0.048 0.131 0.000 0.000 0.000
0.414 -1.517 1.185 -0.295 -0.035 0.000 -0.047 0.126 0.000 0.000 0.000
0.399 -1.518 1.185 -0.297 -0.029 0.000 -0.047 0.121 -0.000 0.000 0.000
0.384 -1.520 1.185 -0.300 -0.023 0.000 -0.046 0.116 -0.000 0.000 0.000
0.369 -1.521 1.185 -0.302 -0.018 0.000 -0.045 0.110 -0.000 0.000 0.000
0.354 -1.521 1.185 -0.304 -0.012 0.000 -0.044 0.104 -0.000 0.000 0.000
0.338 -1.522 1.185 -0.306 -0.007 0.000 -0.042 0.098 -0.000 0.000 0.000
0.323 -1.522 1.185 -0.308 -0.002 0.000 -0.041 0.092 -0.000 0.000 0.000
0.308 -1.522 1.185 -0.311 0.002 0.000 -0.040 0.086 -0.000 0.000 0.000
0.292 -1.522 1.185 -0.312 0.006 0.000 -0.039 0.079 -0.000 0.000 0.000
0.276 -1.521 1.185 -0.314 0.010 0.000 -0.037 0.072 -0.000 0.000 0.000
0.261 -1.521 1.185 -0.316 0.013 0.000 -0.035 0.066 -0.000 0.000 0.000
0.245 -1.520 1.185 -0.318 0.017 0.000 -0.034 0.059 -0.000 0.000 0.000
0.229 -1.519 1.185 -0.320 0.019 0.000 -0.032 0.052 -0.000 0.000 0.000
0.213 -1.518 1.185 -0.321 0.022 0.000 -0.030 0.045 -0.000 0.000 0.000
0.197 -1.517 1.185 -0.323 0.024 0.000 -0.028 0.039 -0.000 0.000 0.000
0.181 -1.516 1.185 -0.324 0.026 0.000 -0.026 0.032 -0.000 0.000 0.000
0.164 -1.514 1.185 -0.325 0.027 0.000 -0.023 0.026 -0.000 0.000 0.000
0.148 -1.513 1.185 -0.326 0.028 0.000 -0.021 0.020 -0.000 0.000 0.000
0.132 -1.512 1.185 -0.327 0.029 0.000 -0.018 0.014 -0.000 0.000 0.000
0.115 -1.510 1.185 -0.328 0.030 0.000 -0.015 0.008 -0.000 0.000 0.000
0.099 -1.509 1.185 -0.329 0.030 0.000 -0.012 0.002 -0.000 0.000 0.000
0.082 -1.507 1.185 -0.329 0.030 0.000 -0.009 -0.003 -0.000 0.000 0.000
0.066 -1.506 1.185 -0.330 0.030 0.000 -0.006 -0.008 -0.000 0.000 0.000
0.049 -1.504 1.185 -0.330 0.029 0.000 -0.003 -0.013 -0.000 0.000 0.000
0.033 -1.503 1.185 -0.330 0.028 0.000 0.001 -0.017 -0.000 0.000 0.000
0.016 -1.501 1.185 -0.330 0.027 0.000 0.004 -0.021 -0.000 0.000 0.000
-0.000 -1.500 1.185 -0.329 0.026 0.000 0.008 -0.025 -0.000 0.000 0.000
-0.016 -1.499 1.185 -0.329 0.025 0.000 0.012 -0.028 -0.000 0.000 0.000
-0.033 -1.498 1.185 -0.328 0.023 0.000 0.016 -0.031 -0.000 0.000 0.000
-0.049 -1.496 1.185 -0.327 0.022 0.000 0.019 -0.033 -0.000 0.000 0.000
-0.066 -1.495 1.185 -0.326 0.020 0.000 0.023 -0.035 -0.000 0.000 0.000
-0.082 -1.494 1.185 -0.325 0.018 0.000 0.027 -0.037 -0.000 0.000 0.000
-0.098 -1.493 1.185 -0.324 0.016 0.000 0.031 -0.038 -0.000 0.000 0.000
-0.114 -1.493 1.185 -0.322 0.015 0.000 0.035 -0.039 -0.000 0.000 0.000
-0.130 -1.492 1.185 -0.320 0.013 0.000 0.038 -0.040 -0.000 0.000 0.000
-0.146 -1.491 1.185 -0.318 0.011 0.000 0.042 -0.040 -0.000 0.000 0.000
-0.162 -1.491 1.185 -0.316 0.009 0.000 0.045 -0.040 -0.000 0.000 0.000
-0.178 -1.491 1.185 -0.314 0.007 -0.000 0.049 -0.039 -0.000 0.000 0.000
-0.194 -1.490 1.185 -0.311 0.005 -0.000 0.052 -0.039 -0.000 0.000 0.000
-0.209 -1.490 1.185 -0.309 0.003 -0.000 0.054 -0.038 -0.000 0.000 0.000
-0.224 -1.490 1.185 -0.306 0.001 -0.000 0.057 -0.036 -0.000 0.000 0.000
-0.240 -1.490 1.185 -0.303 -0.001 -0.000 0.059 -0.035 -0.000 0.000 0.000
-0.255 -1.490 1.185 -0.300 -0.003 -0.000 0.061 -0.033 -0.000 0.000 0.000
-0.270 -1.490 1.185 -0.297 -0.004 -0.000 0.063 -0.031 -0.000 0.000 0.000
-0.284 -1.491 1.185 -0.294 -0.006 -0.000 0.064 -0.029 -0.000 0.000 0.000
-0.299 -1.491 1.185 -0.290 -0.007 -0.000 0.065 -0.027 -0.000 0.000 0.000
-0.313 -1.491 1.185 -0.287 -0.008 -0.000 0.065 -0.024 -0.000 0.000 0.000
-0.328 -1.492 1.185 -0.284 -0.009 -0.000 0.065 -0.022 0.000 0.000 0.000
-0.342 -1.492 1.185 -0.281 -0.010 -0.000 0.065 -0.019 0.000 0.000 0.000
-0.356 -1.493 1.185 -0.277 -0.011 -0.000 0.064 -0.016 0.000 0.000 0.000
-0.369 -1.493 1.185 -0.274 -0.012 -0.000 0.062 -0.014 0.000 0.000 0.000
-0.383 -1.494 1.185 -0.271 -0.013 -0.000 0.060 -0.011 0.000 0.000 0.000
-0.397 -1.495 1.185 -0.268 -0.013 -0.000 0.058 -0.008 0.000 0.000 0.000
-0.410 -1.495 1.185 -0.265 -0.014 -0.000 0.055 -0.006 0.000 0.000 0.000
-0.423 -1.496 1.185 -0.263 -0.014 -0.000 0.052 -0.003 0.000 0.000 0.000
-0.436 -1.497 1.185 -0.260 -0.014 -0.000 0.048 -0.000 0.000 0.000 0.000
-0.449 -1.497 1.185 -0.258 -0.014 -0.000 0.044 0.002 0.000 0.000 0.000
-0.462 -1.498 1.185 -0.256 -0.014 -0.000 0.039 0.004 0.000 0.000 0.000
-0.475 -1.499 1.185 -0.254 -0.013 0.000 0.033 0.007 0.000 0.000 0.000
-0.487 -1.499 1.185 -0.252 -0.013 0.000 0.028 0.009 0.000 0.000 0.000
-0.500 -1.500 1.185 -0.251 -0.013 0.000 0.022 0.010 0.000 0.000 0.000
-0.513 -1.501 1.185 -0.250 -0.012 0.000 0.015 0.012 0.000 0.000 0.000
-0.525 -1.501 1.185 -0.250 -0.011 0.000 0.008 0.014 0.000 0.000 0.000
-0.538 -1.502 1.185 -0.250 -0.011 0.000 0.001 0.015 0.000 0.000 0.000
-0.550 -1.502 1.185 -0.250 -0.010 0.000 -0.006 0.016 0.000 0.000 0.000
-0.562 -1.503 1.185 -0.250 -0.009 0.000 -0.014 0.017 0.000 0.000 0.000
-0.575 -1.503 1.185 -0.251 -0.008 0.000 -0.021 0.018 0.000 0.000 0.000
-0.588 -1.504 1.185 -0.252 -0.007 0.000 -0.029 0.019 0.000 0.000 0.000
-0.600 -1.504 1.185 -0.254 -0.006 0.000 -0.037 0.019 0.000 0.000 0.000
-0.613 -1.504 1.185 -0.256 -0.005 0.000 -0.044 0.019 0.000 0.000 0.000
-0.626 -1.504 1.185 -0.258 -0.004 0.000 -0.052 0.019 0.000 0.000 0.000
-0.639 -1.505 1.185 -0.261 -0.003 0.000 -0.059 0.019 0.000 0.000 0.000
-0.652 -1.505 1.185 -0.264 -0.002 0.000 -0.067 0.019 0.000 0.000 0.000
-0.665 -1.505 1.185 -0.268 -0.001 0.000 -0.073 0.019 0.000 0.000 0.000
-0.679 -1.505 1.185 -0.272 -0.001 0.000 -0.080 0.018 0.000 0.000 0.000
-0.692 -1.505 1.185 -0.276 0.000 0.000 -0.086 0.017 0.000 0.000 0.000
-0.706 -1.505 1.185 -0.280 0.001 0.000 -0.091 0.016 0.000 0.000 0.000
-0.720 -1.505 1.185 -0.285 0.002 0.000 -0.096 0.015 0.000 0.000 0.000
-0.735 -1.505 1.185 -0.290 0.003 0.000 -0.101 0.014 -0.000 0.000 0.000
-0.749 -1.504 1.185 -0.295 0.003 0.000 -0.104 0.013 -0.000 0.000 0.000
-0.764 -1.504 1.185 -0.300 0.004 0.000 -0.107 0.012 -0.000 0.000 0.000
-0.779 -1.504 1.185 -0.306 0.005 0.000 -0.109 0.011 -0.000 0.000 0.000
-0.795 -1.504 1.185 -0.311 0.005 0.000 -0.111 0.009 -0.000 0.000 0.000
-0.811 -1.504 1.185 -0.317 0.006 0.000 -0.111 0.008 -0.000 0.000 0.000
-0.827 -1.503 1.185 -0.322 0.006 0.000 -0.111 0.007 -0.000 0.000 0.000
-0.843 -1.503 1.185 -0.328 0.006 0.000 -0.109 0.005 -0.000 0.000 0.000
-0.859 -1.503 1.185 -0.333 0.006 0.000 -0.107 0.004 -0.000 0.000 0.000
-0.876 -1.502 1.185 -0.338 0.007 0.000 -0.103 0.003 -0.000 0.000 0.000
-0.893 -1.502 1.185 -0.343 0.007 0.000 -0.098 0.001 -0.000 0.000 0.000
-0.910 -1.502 1.185 -0.348 0.007 0.000 -0.093 0.000 -0.000 0.000 0.000
-0.928 -1.501 1.185 -0.353 0.007 0.000 -0.086 -0.001 -0.000 0.000 0.000
-0.946 -1.501 1.185 -0.357 0.007 0.000 -0.079 -0.002 -0.000 0.000 0.000
-0.964 -1.501 1.185 -0.361 0.007 0.000 -0.070 -0.003 -0.000 0.000 0.000
-0.982 -1.500 1.185 -0.364 0.006 0.000 -0.061 -0.004 -0.000 0.000 0.000
-1.000 -1.500 1.185 -0.367 0.006 0.000 -0.050 -0.005 -0.000 0.000 0.000
-1.018 -1.500 1.185 -0.369 0.006 0.000 -0.039 -0.006 -0.000 0.000 0.000
-1.037 -1.499 1.185 -0.370 0.005 0.000 -0.026 -0.007 -0.000 0.000 0.000
-1.055 -1.499 1.185 -0.371 0.005 -0.000 -0.013 -0.008 -0.000 0.000 0.000
-1.074 -1.499 1.185 -0.372 0.005 -0.000 0.000 -0.008 -0.000 0.000 0.000
-1.093 -1.499 1.185 -0.371 0.004 -0.000 0.015 -0.009 -0.000 0.000 0.000
-1.111 -1.498 1.185 -0.370 0.004 -0.000 0.030 -0.009 -0.000 0.000 0.000
-1.130 -1.498 1.185 -0.368 0.003 -0.000 0.045 -0.009 -0.000 0.000 0.000
-1.148 -1.498 1.185 -0.366 0.003 -0.000 0.060 -0.009 -0.000 0.000 0.000
-1.166 -1.498 1.185 -0.362 0.002 -0.000 0.076 -0.009 -0.000 0.000 0.000
-1.184 -1.498 1.185 -0.358 0.002 -0.000 0.092 -0.009 -0.000 0.000 0.000
-1.202 -1.498 1.185 -0.353 0.002 -0.000 0.108 -0.009 -0.000 0.000 0.000
-1.219 -1.498 1.185 -0.347 0.001 -0.000 0.124 -0.009 -0.000 0.000 0.000
-1.237 -1.498 1.185 -0.341 0.001 -0.000 0.139 -0.008 -0.000 0.000 0.000
-1.254 -1.498 1.185 -0.333 0.000 -0.000 0.154 -0.008 -0.000 0.000 0.000
-1.270 -1.498 1.185 -0.325 -0.000 -0.000 0.169 -0.008 -0.000 0.000 0.000
-1.286 -1.498 1.185 -0.317 -0.000 -0.000 0.183 -0.007 -0.000 0.000 0.000
-1.302 -1.498 1.185 -0.307 -0.001 -0.000 0.196 -0.007 -0.000 0.000 0.000
-1.317 -1.498 1.185 -0.297 -0.001 -0.000 0.209 -0.006 -0.000 0.000 0.000
-1.331 -1.498 1.185 -0.286 -0.001 -0.000 0.221 -0.005 -0.000 0.000 0.000
-1.345 -1.498 1.185 -0.275 -0.002 -0.000 0.231 -0.005 -0.000 0.000 0.000
-1.359 -1.498 1.185 -0.263 -0.002 -0.000 0.241 -0.004 -0.000 0.000 0.000
-1.372 -1.498 1.185 -0.251 -0.002 -0.000 0.249 -0.003 0.000 0.000 0.000
-1.384 -1.498 1.185 -0.238 -0.002 -0.000 0.256 -0.003 0.000 0.000 0.000
-1.396 -1.498 1.185 -0.225 -0.002 -0.000 0.261 -0.002 0.000 0.000 0.000
-1.406 -1.498 1.185 -0.212 -0.002 -0.000 0.266 -0.001 0.000 0.000 0.000
-1.417 -1.499 1.185 -0.199 -0.002 -0.000 0.268 -0.001 0.000 0.000 0.000
-1.426 -1.499 1.185 -0.185 -0.002 -0.000 0.270 0.000 0.000 0.000 0.000
-1.435 -1.499 1.185 -0.172 -0.002 -0.000 0.269 0.001 0.000 0.000 0.000
-1.443 -1.499 1.185 -0.158 -0.002 -0.000 0.267 0.001 0.000 0.000 0.000
-1.451 -1.499 1.185 -0.145 -0.002 -0.000 0.264 0.002 0.000 0.000 0.000
-1.458 -1.499 1.185 -0.132 -0.002 -0.000 0.259 0.002 0.000 0.000 0.000
-1.464 -1.499 1.185 -0.119 -0.002 -0.000 0.252 0.002 0.000 0.000 0.000
-1.470 -1.499 1.185 -0.107 -0.002 -0.000 0.244 0.003 0.000 0.000 0.000
-1.475 -1.499 1.185 -0.095 -0.002 -0.000 0.234 0.003 0.000 0.000 0.000
-1.479 -1.500 1.185 -0.083 -0.002 -0.000 0.223 0.003 0.000 0.000 0.000
-1.483 -1.500 1.185 -0.073 -0.002 -0.000 0.211 0.003 0.000 0.000 0.000
-1.487 -1.500 1.185 -0.062 -0.001 -0.000 0.198 0.003 0.000 0.000 0.000
-1.490 -1.500 1.185 -0.053 -0.001 -0.000 0.183 0.003 0.000 0.000 0.000
-1.492 -1.500 1.185 -0.044 -0.001 -0.000 0.168 0.003 0.000 0.000 0.000
-1.494 -1.500 1.185 -0.036 -0.001 -0.000 0.152 0.003 0.000 0.000 0.000
-1.496 -1.500 1.185 -0.029 -0.001 -0.000 0.135 0.003 0.000 0.000 0.000
-1.497 -1.500 1.185 -0.023 -0.001 -0.000 0.118 0.003 0.000 0.000 0.000
-1.498 -1.500 1.185 -0.017 -0.000 -0.000 0.101 0.002 0.000 0.000 0.000
-1.499 -1.500 1.185 -0.013 -0.000 -0.000 0.084 0.002 0.000 0.000 0.000
-1.499 -1.500 1.185 -0.009 -0.000 -0.000 0.068 0.002 0.000 0.000 0.000
-1.500 -1.500 1.185 -0.006 -0.000 -0.000 0.053 0.001 0.000 0.000 0.000
-1.500 -1.500 1.185 -0.003 -0.000 -0.000 0.039 0.001 0.000 0.000 0.000
-1.500 -1.500 1.185 -0.002 -0.000 -0.000 0.026 0.001 0.000 0.000 0.000
-1.500 -1.500 1.185 -0.001 -0.000 0.000 0.015 0.000 0.000 0.000 0.000
-1.500 -1.500 1.185 -0.000 -0.000 0.000 0.007 0.000 0.000 0.000 0.000
-1.500 -1.500 1.185 -0.000 -0.000 0.000 0.002 0.000 0.000 0.000 0.000
-1.500 -1.500 1.185 -0.000 -0.000 0.000 0.000 0.000 0.000 0.000 0.000
-1.500 -1.500 0.685 -0.000 -0.000 -0.000 -0.000 -0.000 -0.001 0.000 0.000
-1.500 -1.500 0.685 -0.000 -0.000 -0.000 -0.000 -0.000 -0.003 0.000 0.000
-1.500 -1.500 0.685 -0.000 -0.000 -0.000 -0.000 -0.000 -0.007 0.000 0.000
-1.500 -1.500 0.685 -0.000 -0.000 -0.001 -0.000 -0.000 -0.011 0.000 0.000
-1.500 -1.500 0.685 -0.000 -0.000 -0.002 -0.000 -0.000 -0.017 0.000 0.000
-1.500 -1.500 0.685 -0.000 -0.000 -0.003 -0.000 -0.000 -0.024 0.000 0.000
-1.500 -1.500 0.685 -0.000 -0.000 -0.004 -0.000 -0.000 -0.031 0.000 0.000
-1.500 -1.500 0.684 -0.000 -0.000 -0.006 -0.000 -0.000 -0.038 0.000 0.000
-1.500 -1.500 0.684 -0.000 -0.000 -0.008 -0.000 -0.000 -0.046 0.000 0.000
-1.500 -1.500 0.684 -0.000 -0.000 -0.010 -0.000 -0.000 -0.054 0.000 0.000
-1.500 -1.500 0.683 -0.000 -0.000 -0.013 -0.000 -0.000 -0.063 0.000 0.000
-1.500 -1.500 0.682 -0.000 -0.000 -0.016 -0.000 -0.000 -0.071 0.000 0.000
-1.500 -1.500 0.681 -0.000 -0.000 -0.020 -0.000 -0.000 -0.080 0.000 0.000
-1.500 -1.500 0.680 -0.000 -0.000 -0.024 -0.000 -0.000 -0.088 0.000 0.000
-1.500 -1.500 0.679 -0.000 -0.000 -0.029 -0.000 -0.000 -0.096 0.000 0.000
-1.500 -1.500 0.677 -0.000 -0.000 -0.034 -0.000 -0.000 -0.103 0.000 0.000
-1.500 -1.500 0.676 -0.000 -0.000 -0.039 -0.000 -0.000 -0.110 0.000 0.000
-1.500 -1.500 0.673 -0.000 -0.000 -0.045 -0.000 -0.000 -0.117 0.000 0.000
-1.500 -1.500 0.671 -0.000 -0.000 -0.051 -0.000 -0.000 -0.123 0.000 0.000
-1.500 -1.500 0.668 -0.000 -0.000 -0.057 -0.000 -0.000 -0.129 0.000 0.000
-1.500 -1.500 0.665 -0.000 -0.000 -0.064 -0.000 -0.000 -0.134 0.000 0.000
-1.500 -1.500 0.662 -0.000 -0.000 -0.071 -0.000 -0.000 -0.139 0.000 0.000
-1.500 -1.500 0.658 -0.000 -0.000 -0.078 -0.000 -0.000 -0.142 0.000 0.000
-1.500 -1.500 0.654 -0.000 -0.000 -0.085 -0.000 -0.000 -0.145 0.000 0.000
-1.500 -1.500 0.650 -0.000 -0.000 -0.092 -0.000 -0.000 -0.148 0.000 0.000
-1.500 -1.500 0.645 -0.000 -0.000 -0.100 0.000 0.000 -0.149 0.000 0.000
-1.500 -1.500 0.640 -0.000 -0.000 -0.107 0.000 0.000 -0.150 0.000 0.000
-1.500 -1.500 0.634 -0.000 -0.000 -0.115 0.000 0.000 -0.150 0.000 0.000
-1.500 -1.500 0.628 -0.000 -0.000 -0.122 0.000 0.000 -0.150 0.000 0.000
-1.500 -1.500 0.622 -0.000 -0.000 -0.130 0.000 0.000 -0.148 0.000 0.000
-1.500 -1.500 0.615 -0.000 -0.000 -0.137 0.000 0.000 -0.146 0.000 0.000
-1.500 -1.500 0.608 -0.000 -0.000 -0.144 0.000 0.000 -0.143 0.000 0.000
-1.500 -1.500 0.601 -0.000 -0.000 -0.151 0.000 0.000 -0.140 0.000 0.000
-1.500 -1.500 0.593 -0.000 -0.000 -0.158 0.000 0.000 -0.135 0.000 0.000
-1.500 -1.500 0.585 -0.000 -0.000 -0.165 0.000 0.000 -0.130 0.000 0.000
-1.500 -1.500 0.577 -0.000 -0.000 -0.171 0.000 0.000 -0.125 0.000 0.000
-1.500 -1.500 0.568 0.000 0.000 -0.177 0.000 0.000 -0.119 0.000 0.000
-1.500 -1.500 0.559 0.000 0.000 -0.183 0.000 0.000 -0.112 0.000 0.000
-1.500 -1.500 0.550 0.000 0.000 -0.189 0.000 0.000 -0.105 0.000 0.000
-1.500 -1.500 0.540 0.000 0.000 -0.194 0.000 0.000 -0.097 0.000 0.000
-1.500 -1.500 0.530 0.000 0.000 -0.198 0.000 0.000 -0.088 0.000 0.000
-1.500 -1.500 0.520 0.000 0.000 -0.202 0.000 0.000 -0.080 0.000 0.000
-1.500 -1.500 0.510 0.000 0.000 -0.206 0.000 0.000 -0.071 0.000 0.000
-1.500 -1.500 0.500 0.000 0.000 -0.209 0.000 0.000 -0.061 0.000 0.000
-1.500 -1.500 0.489 0.000 0.000 -0.212 0.000 0.000 -0.051 0.000 0.000
-1.500 -1.500 0.478 0.000 0.000 -0.215 0.000 0.000 -0.041 0.000 0.000
-1.500 -1.500 0.468 0.000 0.000 -0.216 0.000 0.000 -0.031 0.000 0.000
-1.500 -1.500 0.457 0.000 0.000 -0.218 0.000 0.000 -0.021 0.000 0.000
-1.500 -1.500 0.446 0.000 0.000 -0.218 0.000 0.000 -0.010 0.000 0.000
-1.500 -1.500 0.435 0.000 0.000 -0.219 0.000 0.000 0.000 0.000 0.000
-1.500 -1.500 0.424 0.000 0.000 -0.218 0.000 0.000 0.010 0.000 0.000
-1.500 -1.500 0.413 0.000 0.000 -0.218 0.000 0.000 0.021 0.000 0.000
-1.500 -1.500 0.402 0.000 0.000 -0.216 0.000 0.000 0.031 0.000 0.000
-1.500 -1.500 0.392 0.000 0.000 -0.215 0.000 0.000 0.041 0.000 0.000
-1.500 -1.500 0.381 0.000 0.000 -0.212 0.000 0.000 0.051 0.000 0.000
-1.500 -1.500 0.370 0.000 0.000 -0.209 0.000 0.000 0.061 0.000 0.000
-1.500 -1.500 0.360 0.000 0.000 -0.206 0.000 0.000 0.071 0.000 0.000
-1.500 -1.500 0.350 0.000 0.000 -0.202 0.000 0.000 0.080 0.000 0.000
-1.500 -1.500 0.340 0.000 0.000 -0.198 0.000 0.000 0.088 0.000 0.000
-1.500 -1.500 0.330 0.000 0.000 -0.194 0.000 0.000 0.097 0.000 0.000
-1.500 -1.500 0.320 0.000 0.000 -0.189 0.000 0.000 0.105 0.000 0.000
-1.500 -1.500 0.311 0.000 0.000 -0.183 0.000 0.000 0.112 0.000 0.000
-1.500 -1.500 0.302 0.000 0.000 -0.177 0.000 0.000 0.119 0.000 0.000
-1.500 -1.500 0.293 0.000 0.000 -0.171 0.000 0.000 0.125 0.000 0.000
-1.500 -1.500 0.285 0.000 0.000 -0.165 -0.000 -0.000 0.130 0.000 0.000
-1.500 -1.500 0.277 0.000 0.000 -0.158 -0.000 -0.000 0.135 0.000 0.000
-1.500 -1.500 0.269 0.000 0.000 -0.151 -0.000 -0.000 0.140 0.000 0.000
-1.500 -1.500 0.262 0.000 0.000 -0.144 -0.000 -0.000 0.143 0.000 0.000
-1.500 -1.500 0.255 0.000 0.000 -0.137 -0.000 -0.000 0.146 0.000 0.000
-1.500 -1.500 0.248 0.000 0.000 -0.130 -0.000 -0.000 0.148 0.000 0.000
-1.500 -1.500 0.242 0.000 0.000 -0.122 -0.000 -0.000 0.150 0.000 0.000
-1.500 -1.500 0.236 0.000 0.000 -0.115 -0.000 -0.000 0.150 0.000 0.000
-1.500 -1.500 0.230 0.000 0.000 -0.107 -0.000 -0.000 0.150 0.000 0.000
-1.500 -1.500 0.225 0.000 0.000 -0.100 -0.000 -0.000 0.149 0.000 0.000
-1.500 -1.500 0.220 0.000 0.000 -0.092 -0.000 -0.000 0.148 0.000 0.000
-1.500 -1.500 0.216 0.000 0.000 -0.085 -0.000 -0.000 0.145 0.000 0.000
-1.500 -1.500 0.212 0.000 0.000 -0.078 -0.000 -0.000 0.142 0.000 0.000
-1.500 -1.500 0.208 0.000 0.000 -0.071 -0.000 -0.000 0.139 0.000 0.000
-1.500 -1.500 0.205 0.000 0.000 -0.064 -0.000 -0.000 0.134 0.000 0.000
-1.500 -1.500 0.202 0.000 0.000 -0.057 -0.000 -0.000 0.129 0.000 0.000
-1.500 -1.500 0.199 -0.000 -0.000 -0.051 -0.000 -0.000 0.123 0.000 0.000
-1.500 -1.500 0.197 -0.000 -0.000 -0.045 -0.000 -0.000 0.117 0.000 0.000
-1.500 -1.500 0.194 -0.000 -0.000 -0.039 -0.000 -0.000 0.110 0.000 0.000
-1.500 -1.500 0.193 -0.000 -0.000 -0.034 -0.000 -0.000 0.103 0.000 0.000
-1.500 -1.500 0.191 -0.000 -0.000 -0.029 -0.000 -0.000 0.096 0.000 0.000
-1.500 -1.500 0.190 -0.000 -0.000 -0.024 -0.000 -0.000 0.088 0.000 0.000
-1.500 -1.500 0.189 -0.000 -0.000 -0.020 -0.000 -0.000 0.080 0.000 0.000
-1.500 -1.500 0.188 -0.000 -0.000 -0.016 -0.000 -0.000 0.071 0.000 0.000
-1.500 -1.500 0.187 -0.000 -0.000 -0.013 -0.000 -0.000 0.063 0.000 0.000
-1.500 -1.500 0.186 -0.000 -0.000 -0.010 -0.000 -0.000 0.054 0.000 0.000
-1.500 -1.500 0.186 -0.000 -0.000 -0.008 -0.000 -0.000 0.046 0.000 0.000
-1.500 -1.500 0.186 -0.000 -0.000 -0.006 -0.000 -0.000 0.038 0.000 0.000
-1.500 -1.500 0.185 -0.000 -0.000 -0.004 -0.000 -0.000 0.031 0.000 0.000
-1.500 -1.500 0.185 -0.000 -0.000 -0.003 -0.000 -0.000 0.024 0.000 0.000
-1.500 -1.500 0.185 -0.000 -0.000 -0.002 -0.000 -0.000 0.017 0.000 0.000
-1.500 -1.500 0.185 -0.000 -0.000 -0.001 -0.000 -0.000 0.011 0.000 0.000
-1.500 -1.500 0.185 -0.000 -0.000 -0.000 -0.000 -0.000 0.007 0.000 0.000
-1.500 -1.500 0.185 -0.000 -0.000 -0.000 -0.000 -0.000 0.003 0.000 0.000
-1.500 -1.500 0.185 -0.000 -0.000 -0.000 -0.000 -0.000 0.001 0.000 0.000
-1.500 -1.500 0.185 -0.000 -0.000 -0.000 -0.000 -0.000 -0.000 0.000 0.000
