-1.500 1.500 0.185 -0.000 0.000 0.000 0.000 -0.000 0.002 0.000 0.000
-1.500 1.500 0.185 -0.000 0.000 0.000 0.000 -0.000 0.006 0.000 0.000
-1.500 1.500 0.185 -0.000 0.000 0.001 0.000 -0.000 0.013 0.000 0.000
-1.500 1.500 0.185 -0.000 0.000 0.002 0.000 -0.000 0.023 0.000 0.000
-1.500 1.500 0.185 -0.000 0.000 0.003 0.000 -0.000 0.034 0.000 0.000
-1.500 1.500 0.185 -0.000 0.000 0.005 0.000 -0.000 0.047 0.000 0.000
-1.500 1.500 0.186 -0.000 0.000 0.008 0.000 -0.000 0.061 0.000 0.000
-1.500 1.500 0.186 -0.000 0.000 0.011 0.000 -0.000 0.076 0.000 0.000
-1.500 1.500 0.187 -0.000 0.000 0.015 0.000 -0.000 0.092 0.000 0.000
-1.500 1.500 0.188 -0.000 0.000 0.020 0.000 -0.000 0.109 0.000 0.000
-1.500 1.500 0.189 -0.000 0.000 0.026 0.000 -0.000 0.126 0.000 0.000
-1.500 1.500 0.190 -0.000 0.000 0.033 0.000 -0.000 0.142 0.000 0.000
-1.500 1.500 0.192 0.000 -0.000 0.041 0.000 -0.000 0.159 0.000 0.000
-1.500 1.500 0.194 0.000 -0.000 0.049 0.000 -0.000 0.175 0.000 0.000
-1.500 1.500 0.197 0.000 -0.000 0.058 0.000 -0.000 0.191 0.000 0.000
-1.500 1.500 0.200 0.000 -0.000 0.068 0.000 -0.000 0.206 0.000 0.000
-1.500 1.500 0.204 0.000 -0.000 0.079 0.000 -0.000 0.221 0.000 0.000
-1.500 1.500 0.208 0.000 -0.000 0.090 0.000 -0.000 0.234 0.000 0.000
-1.500 1.500 0.213 0.000 -0.000 0.102 0.000 -0.000 0.247 0.000 0.000
-1.500 1.500 0.218 0.000 -0.000 0.115 0.000 -0.000 0.258 0.000 0.000
-1.500 1.500 0.224 0.000 -0.000 0.128 0.000 -0.000 0.268 0.000 0.000
-1.500 1.500 0.231 0.000 -0.000 0.141 0.000 -0.000 0.277 0.000 0.000
-1.500 1.500 0.239 0.000 -0.000 0.156 0.000 -0.000 0.285 0.000 0.000
-1.500 1.500 0.247 0.000 -0.000 0.170 0.000 -0.000 0.291 0.000 0.000
-1.500 1.500 0.256 0.000 -0.000 0.185 0.000 -0.000 0.295 0.000 0.000
-1.500 1.500 0.265 0.000 -0.000 0.199 0.000 -0.000 0.299 0.000 0.000
-1.500 1.500 0.276 0.000 -0.000 0.214 0.000 -0.000 0.300 0.000 0.000
-1.500 1.500 0.287 0.000 -0.000 0.229 0.000 -0.000 0.300 0.000 0.000
-1.500 1.500 0.298 0.000 -0.000 0.244 0.000 -0.000 0.299 0.000 0.000
-1.500 1.500 0.311 0.000 -0.000 0.259 0.000 -0.000 0.296 0.000 0.000
-1.500 1.500 0.324 0.000 -0.000 0.274 0.000 -0.000 0.292 0.000 0.000
-1.500 1.500 0.338 0.000 -0.000 0.288 0.000 -0.000 0.286 0.000 0.000
-1.500 1.500 0.353 0.000 -0.000 0.303 0.000 -0.000 0.279 0.000 0.000
-1.500 1.500 0.369 0.000 -0.000 0.316 0.000 -0.000 0.271 0.000 0.000
-1.500 1.500 0.385 0.000 -0.000 0.330 -0.000 0.000 0.261 0.000 0.000
-1.500 1.500 0.402 0.000 -0.000 0.342 -0.000 0.000 0.250 0.000 0.000
-1.500 1.500 0.419 0.000 -0.000 0.355 -0.000 0.000 0.237 0.000 0.000
-1.500 1.500 0.437 0.000 -0.000 0.366 -0.000 0.000 0.224 0.000 0.000
-1.500 1.500 0.456 0.000 -0.000 0.377 -0.000 0.000 0.209 0.000 0.000
-1.500 1.500 0.475 0.000 -0.000 0.387 -0.000 0.000 0.194 0.000 0.000
-1.500 1.500 0.494 0.000 -0.000 0.396 -0.000 0.000 0.177 0.000 0.000
-1.500 1.500 0.514 0.000 -0.000 0.405 -0.000 0.000 0.160 0.000 0.000
-1.500 1.500 0.535 0.000 -0.000 0.412 -0.000 0.000 0.141 0.000 0.000
-1.500 1.500 0.556 0.000 -0.000 0.419 -0.000 0.000 0.122 0.000 0.000
-1.500 1.500 0.577 0.000 -0.000 0.425 -0.000 0.000 0.103 0.000 0.000
-1.500 1.500 0.598 0.000 -0.000 0.429 -0.000 0.000 0.083 0.000 0.000
-1.500 1.500 0.620 0.000 -0.000 0.433 -0.000 0.000 0.063 0.000 0.000
-1.500 1.500 0.641 0.000 -0.000 0.435 -0.000 0.000 0.042 0.000 0.000
-1.500 1.500 0.663 0.000 -0.000 0.437 -0.000 0.000 0.021 0.000 0.000
-1.500 1.500 0.685 0.000 -0.000 0.438 -0.000 0.000 0.000 0.000 0.000
-1.500 1.500 0.707 0.000 -0.000 0.437 0.000 -0.000 -0.021 0.000 0.000
-1.500 1.500 0.729 0.000 -0.000 0.435 0.000 -0.000 -0.042 0.000 0.000
-1.500 1.500 0.750 0.000 -0.000 0.433 0.000 -0.000 -0.063 0.000 0.000
-1.500 1.500 0.772 0.000 -0.000 0.429 0.000 -0.000 -0.083 0.000 0.000
-1.500 1.500 0.793 0.000 -0.000 0.425 0.000 -0.000 -0.103 0.000 0.000
-1.500 1.500 0.814 0.000 -0.000 0.419 0.000 -0.000 -0.122 0.000 0.000
-1.500 1.500 0.835 0.000 -0.000 0.412 0.000 -0.000 -0.141 0.000 0.000
-1.500 1.500 0.856 0.000 -0.000 0.405 0.000 -0.000 -0.160 0.000 0.000
-1.500 1.500 0.876 0.000 -0.000 0.396 -0.000 0.000 -0.177 0.000 0.000
-1.500 1.500 0.895 0.000 -0.000 0.387 -0.000 0.000 -0.194 0.000 0.000
-1.500 1.500 0.914 0.000 -0.000 0.377 -0.000 0.000 -0.209 0.000 0.000
-1.500 1.500 0.933 0.000 -0.000 0.366 -0.000 0.000 -0.224 0.000 0.000
-1.500 1.500 0.951 0.000 -0.000 0.355 -0.000 0.000 -0.237 0.000 0.000
-1.500 1.500 0.968 0.000 -0.000 0.342 -0.000 0.000 -0.250 0.000 0.000
-1.500 1.500 0.985 0.000 -0.000 0.330 -0.000 0.000 -0.261 0.000 0.000
-1.500 1.500 1.001 0.000 -0.000 0.316 -0.000 0.000 -0.271 0.000 0.000
-1.500 1.500 1.017 0.000 -0.000 0.303 -0.000 0.000 -0.279 0.000 0.000
-1.500 1.500 1.032 0.000 -0.000 0.288 -0.000 0.000 -0.286 0.000 0.000
-1.500 1.500 1.046 0.000 -0.000 0.274 -0.000 0.000 -0.292 0.000 0.000
-1.500 1.500 1.059 0.000 -0.000 0.259 -0.000 0.000 -0.296 0.000 0.000
-1.500 1.500 1.072 0.000 -0.000 0.244 -0.000 0.000 -0.299 0.000 0.000
-1.500 1.500 1.083 0.000 -0.000 0.229 -0.000 0.000 -0.300 0.000 0.000
-1.500 1.500 1.094 0.000 -0.000 0.214 -0.000 0.000 -0.300 0.000 0.000
-1.500 1.500 1.105 0.000 -0.000 0.199 -0.000 0.000 -0.299 0.000 0.000
-1.500 1.500 1.114 0.000 -0.000 0.185 -0.000 0.000 -0.295 0.000 0.000
-1.500 1.500 1.123 0.000 -0.000 0.170 -0.000 0.000 -0.291 0.000 0.000
-1.500 1.500 1.131 0.000 -0.000 0.156 -0.000 0.000 -0.285 0.000 0.000
-1.500 1.500 1.139 0.000 -0.000 0.141 -0.000 0.000 -0.277 0.000 0.000
-1.500 1.500 1.146 0.000 -0.000 0.128 -0.000 0.000 -0.268 0.000 0.000
-1.500 1.500 1.152 0.000 -0.000 0.115 -0.000 0.000 -0.258 0.000 0.000
-1.500 1.500 1.157 0.000 -0.000 0.102 -0.000 0.000 -0.247 0.000 0.000
-1.500 1.500 1.162 -0.000 0.000 0.090 -0.000 0.000 -0.234 0.000 0.000
-1.500 1.500 1.166 -0.000 0.000 0.079 -0.000 0.000 -0.221 0.000 0.000
-1.500 1.500 1.170 -0.000 0.000 0.068 -0.000 0.000 -0.206 0.000 0.000
-1.500 1.500 1.173 -0.000 0.000 0.058 -0.000 0.000 -0.191 0.000 0.000
-1.500 1.500 1.176 -0.000 0.000 0.049 -0.000 0.000 -0.175 0.000 0.000
-1.500 1.500 1.178 -0.000 0.000 0.041 -0.000 0.000 -0.159 0.000 0.000
-1.500 1.500 1.180 -0.000 0.000 0.033 -0.000 0.000 -0.142 0.000 0.000
-1.500 1.500 1.181 -0.000 0.000 0.026 -0.000 0.000 -0.126 0.000 0.000
-1.500 1.500 1.182 -0.000 0.000 0.020 -0.000 0.000 -0.109 0.000 0.000
-1.500 1.500 1.183 -0.000 0.000 0.015 -0.000 0.000 -0.092 0.000 0.000
-1.500 1.500 1.184 -0.000 0.000 0.011 -0.000 0.000 -0.076 0.000 0.000
-1.500 1.500 1.184 -0.000 0.000 0.008 -0.000 0.000 -0.061 0.000 0.000
-1.500 1.500 1.185 -0.000 0.000 0.005 -0.000 0.000 -0.047 0.000 0.000
-1.500 1.500 1.185 -0.000 0.000 0.003 -0.000 0.000 -0.034 0.000 0.000
-1.500 1.500 1.185 -0.000 0.000 0.002 -0.000 0.000 -0.023 0.000 0.000
-1.500 1.500 1.185 -0.000 0.000 0.001 -0.000 0.000 -0.013 0.000 0.000
-1.500 1.500 1.185 -0.000 0.000 0.000 -0.000 0.000 -0.006 0.000 0.000
-1.500 1.500 1.185 -0.000 0.000 0.000 -0.000 0.000 -0.002 0.000 0.000
-1.500 1.500 1.185 -0.000 0.000 -0.000 0.000 -0.000 -0.000 0.000 0.000
-1.500 1.500 1.185 0.000 0.000 0.000 0.000 0.000 0.000 0.000 0.000
-1.500 1.500 1.185 0.000 0.000 0.000 0.000 0.000 0.000 0.000 0.000
-1.500 1.500 1.185 0.000 0.000 0.000 0.000 0.000 0.000 0.000 0.000
-1.500 1.500 1.185 0.000 0.000 0.000 0.000 0.000 0.000 0.000 0.000
-1.500 1.500 1.185 0.000 0.000 0.000 0.000 0.000 0.000 0.000 0.000
-1.500 1.500 1.185 0.000 0.000 0.000 0.000 0.000 0.000 0.000 0.000
-1.500 1.500 1.185 0.000 0.000 0.000 0.000 0.000 0.000 0.000 0.000
-1.500 1.500 1.185 0.000 0.000 0.000 0.000 0.000 0.000 0.000 0.000
-1.500 1.500 1.185 0.000 0.000 0.000 0.000 0.000 0.000 0.000 0.000
-1.500 1.500 1.185 0.000 0.000 0.000 0.000 0.000 0.000 0.000 0.000
-1.500 1.500 1.185 0.000 0.000 0.000 0.000 0.000 0.000 0.000 0.000
-1.500 1.500 1.185 0.000 0.000 0.000 0.000 0.000 0.000 0.000 0.000
-1.500 1.500 1.185 0.000 0.000 0.000 0.000 0.000 0.000 0.000 0.000
-1.500 1.500 1.185 0.000 0.000 0.000 0.000 0.000 0.000 0.000 0.000
-1.500 1.500 1.185 0.000 0.000 0.000 0.000 0.000 0.000 0.000 0.000
-1.500 1.500 1.185 0.000 0.000 0.000 0.000 0.000 0.000 0.000 0.000
-1.500 1.500 1.185 0.000 0.000 0.000 0.000 0.000 0.000 0.000 0.000
-1.500 1.500 1.185 0.000 0.000 0.000 0.000 0.000 0.000 0.000 0.000
-1.500 1.500 1.185 0.000 0.000 0.000 0.000 0.000 0.000 0.000 0.000
-1.500 1.500 1.185 0.000 0.000 0.000 0.000 0.000 0.000 0.000 0.000
-1.500 1.500 1.185 0.000 0.000 0.000 0.000 0.000 0.000 0.000 0.000
-1.500 1.500 1.185 0.000 0.000 0.000 0.000 0.000 0.000 0.000 0.000
-1.500 1.500 1.185 0.000 0.000 0.000 0.000 0.000 0.000 0.000 0.000
-1.500 1.500 1.185 0.000 0.000 0.000 0.000 0.000 0.000 0.000 0.000
-1.500 1.500 1.185 0.000 0.000 0.000 0.000 0.000 0.000 0.000 0.000
-1.500 1.500 1.185 0.000 0.000 0.000 0.000 0.000 0.000 0.000 0.000
-1.500 1.500 1.185 0.000 0.000 0.000 0.000 0.000 0.000 0.000 0.000
-1.500 1.500 1.185 0.000 0.000 0.000 0.000 0.000 0.000 0.000 0.000
-1.500 1.500 1.185 0.000 0.000 0.000 0.000 0.000 0.000 0.000 0.000
-1.500 1.500 1.185 0.000 0.000 0.000 0.000 0.000 0.000 0.000 0.000
-1.500 1.500 1.185 0.000 0.000 0.000 0.000 0.000 0.000 0.000 0.000
-1.500 1.500 1.185 0.000 0.000 0.000 0.000 0.000 0.000 0.000 0.000
-1.500 1.500 1.185 0.000 0.000 0.000 0.000 0.000 0.000 0.000 0.000
-1.500 1.500 1.185 0.000 0.000 0.000 0.000 0.000 0.000 0.000 0.000
-1.500 1.500 1.185 0.000 0.000 0.000 0.000 0.000 0.000 0.000 0.000
-1.500 1.500 1.185 0.000 0.000 0.000 0.000 0.000 0.000 0.000 0.000
-1.500 1.500 1.185 0.000 0.000 0.000 0.000 0.000 0.000 0.000 0.000
-1.500 1.500 1.185 0.000 0.000 0.000 0.000 0.000 0.000 0.000 0.000
-1.500 1.500 1.185 0.000 0.000 0.000 0.000 0.000 0.000 0.000 0.000
-1.500 1.500 1.185 0.000 0.000 0.000 0.000 0.000 0.000 0.000 0.000
-1.500 1.500 1.185 0.000 0.000 0.000 0.000 0.000 0.000 0.000 0.000
-1.500 1.500 1.185 0.000 0.000 0.000 0.000 0.000 0.000 0.000 0.000
-1.500 1.500 1.185 0.000 0.000 0.000 0.000 0.000 0.000 0.000 0.000
-1.500 1.500 1.185 0.000 0.000 0.000 0.000 0.000 0.000 0.000 0.000
-1.500 1.500 1.185 0.000 0.000 0.000 0.000 0.000 0.000 0.000 0.000
-1.500 1.500 1.185 0.000 0.000 0.000 0.000 0.000 0.000 0.000 0.000
-1.500 1.500 1.185 0.000 0.000 0.000 0.000 0.000 0.000 0.000 0.000
-1.500 1.500 1.185 0.000 0.000 0.000 0.000 0.000 0.000 0.000 0.000
-1.500 1.500 1.185 0.000 0.000 0.000 0.000 0.000 0.000 0.000 0.000
-1.500 1.500 1.185 0.000 0.000 0.000 0.000 0.000 0.000 0.000 0.000
-1.500 1.500 1.185 0.000 0.000 0.000 0.000 0.000 0.000 0.000 0.000
-1.500 1.500 1.185 0.000 0.000 0.000 0.000 0.000 0.000 0.000 0.000
-1.500 1.500 1.185 0.000 0.000 0.000 0.000 0.000 0.000 0.000 0.000
-1.500 1.500 1.185 0.000 0.000 0.000 0.000 0.000 0.000 0.000 0.000
-1.500 1.500 1.185 0.000 0.000 0.000 0.000 0.000 0.000 0.000 0.000
-1.500 1.500 1.185 0.000 0.000 0.000 0.000 0.000 0.000 0.000 0.000
-1.500 1.500 1.185 0.000 0.000 0.000 0.000 0.000 0.000 0.000 0.000
-1.500 1.500 1.185 0.000 0.000 0.000 0.000 0.000 0.000 0.000 0.000
-1.500 1.500 1.185 0.000 0.000 0.000 0.000 0.000 0.000 0.000 0.000
-1.500 1.500 1.185 0.000 0.000 0.000 0.000 0.000 0.000 0.000 0.000
-1.500 1.500 1.185 0.000 0.000 0.000 0.000 0.000 0.000 0.000 0.000
-1.500 1.500 1.185 0.000 0.000 0.000 0.000 0.000 0.000 0.000 0.000
-1.500 1.500 1.185 0.000 0.000 0.000 0.000 0.000 0.000 0.000 0.000
-1.500 1.500 1.185 0.000 0.000 0.000 0.000 0.000 0.000 0.000 0.000
-1.500 1.500 1.185 0.000 0.000 0.000 0.000 0.000 0.000 0.000 0.000
-1.500 1.500 1.185 0.000 0.000 0.000 0.000 0.000 0.000 0.000 0.000
-1.500 1.500 1.185 0.000 0.000 0.000 0.000 0.000 0.000 0.000 0.000
-1.500 1.500 1.185 0.000 0.000 0.000 0.000 0.000 0.000 0.000 0.000
-1.500 1.500 1.185 0.000 0.000 0.000 0.000 0.000 0.000 0.000 0.000
-1.500 1.500 1.185 0.000 0.000 0.000 0.000 0.000 0.000 0.000 0.000
-1.500 1.500 1.185 0.000 0.000 0.000 0.000 0.000 0.000 0.000 0.000
-1.500 1.500 1.185 0.000 0.000 0.000 0.000 0.000 0.000 0.000 0.000
-1.500 1.500 1.185 0.000 0.000 0.000 0.000 0.000 0.000 0.000 0.000
-1.500 1.500 1.185 0.000 0.000 0.000 0.000 0.000 0.000 0.000 0.000
-1.500 1.500 1.185 0.000 0.000 0.000 0.000 0.000 0.000 0.000 0.000
-1.500 1.500 1.185 0.000 0.000 0.000 0.000 0.000 0.000 0.000 0.000
-1.500 1.500 1.185 0.000 0.000 0.000 0.000 0.000 0.000 0.000 0.000
-1.500 1.500 1.185 0.000 0.000 0.000 0.000 0.000 0.000 0.000 0.000
-1.500 1.500 1.185 0.000 0.000 0.000 0.000 0.000 0.000 0.000 0.000
-1.500 1.500 1.185 0.000 0.000 0.000 0.000 0.000 0.000 0.000 0.000
-1.500 1.500 1.185 0.000 0.000 0.000 0.000 0.000 0.000 0.000 0.000
-1.500 1.500 1.185 0.000 0.000 0.000 0.000 0.000 0.000 0.000 0.000
-1.500 1.500 1.185 0.000 0.000 0.000 0.000 0.000 0.000 0.000 0.000
-1.500 1.500 1.185 0.000 0.000 0.000 0.000 0.000 0.000 0.000 0.000
-1.500 1.500 1.185 0.000 0.000 0.000 0.000 0.000 0.000 0.000 0.000
-1.500 1.500 1.185 0.000 0.000 0.000 0.000 0.000 0.000 0.000 0.000
-1.500 1.500 1.185 0.000 0.000 0.000 0.000 0.000 0.000 0.000 0.000
-1.500 1.500 1.185 0.000 0.000 0.000 0.000 0.000 0.000 0.000 0.000
-1.500 1.500 1.185 0.000 0.000 0.000 0.000 0.000 0.000 0.000 0.000
-1.500 1.500 1.185 0.000 0.000 0.000 0.000 0.000 0.000 0.000 0.000
-1.500 1.500 1.185 0.000 0.000 0.000 0.000 0.000 0.000 0.000 0.000
-1.500 1.500 1.185 0.000 0.000 0.000 0.000 0.000 0.000 0.000 0.000
-1.500 1.500 1.185 0.000 0.000 0.000 0.000 0.000 0.000 0.000 0.000
-1.500 1.500 1.185 0.000 0.000 0.000 0.000 0.000 0.000 0.000 0.000
-1.500 1.500 1.185 0.000 0.000 0.000 0.000 0.000 0.000 0.000 0.000
-1.500 1.500 1.185 0.000 0.000 0.000 0.000 0.000 0.000 0.000 0.000
-1.500 1.500 1.185 0.000 0.000 0.000 0.000 0.000 0.000 0.000 0.000
-1.500 1.500 1.185 0.000 0.000 0.000 0.000 0.000 0.000 0.000 0.000
-1.500 1.500 1.185 0.000 0.000 0.000 0.000 0.000 0.000 0.000 0.000
-1.500 1.500 1.185 0.000 0.000 0.000 0.000 0.000 0.000 0.000 0.000
-1.500 1.500 1.185 0.000 0.000 0.000 0.000 0.000 0.000 0.000 0.000
-1.500 1.500 1.185 0.000 0.000 0.000 0.000 0.000 0.000 0.000 0.000
-1.500 1.500 1.185 0.000 0.000 0.000 0.000 0.000 0.000 0.000 0.000
-1.500 1.500 1.185 0.000 0.000 0.000 0.000 0.000 0.000 0.000 0.000
-1.500 1.500 1.185 0.000 0.000 0.000 0.000 0.000 0.000 0.000 0.000
-1.500 1.500 1.185 0.000 0.000 0.000 0.000 0.000 0.000 0.000 0.000
-1.500 1.500 1.185 0.000 0.000 0.000 0.000 0.000 0.000 0.000 0.000
-1.500 1.500 1.185 0.000 0.000 0.000 0.000 0.000 0.000 0.000 0.000
-1.500 1.500 1.185 0.000 0.000 0.000 0.000 0.000 0.000 0.000 0.000
-1.500 1.500 1.185 0.000 0.000 0.000 0.000 0.000 0.000 0.000 0.000
-1.500 1.500 1.185 0.000 0.000 0.000 0.000 0.000 0.000 0.000 0.000
-1.500 1.500 1.185 0.000 0.000 0.000 0.000 0.000 0.000 0.000 0.000
-1.500 1.500 1.185 0.000 0.000 0.000 0.000 0.000 0.000 0.000 0.000
-1.500 1.500 1.185 0.000 0.000 0.000 0.000 0.000 0.000 0.000 0.000
-1.500 1.500 1.185 0.000 0.000 0.000 0.000 0.000 0.000 0.000 0.000
-1.500 1.500 1.185 0.000 0.000 0.000 0.000 0.000 0.000 0.000 0.000
-1.500 1.500 1.185 0.000 0.000 0.000 0.000 0.000 0.000 0.000 0.000
-1.500 1.500 1.185 0.000 0.000 0.000 0.000 0.000 0.000 0.000 0.000
-1.500 1.500 1.185 0.000 0.000 0.000 0.000 0.000 0.000 0.000 0.000
-1.500 1.500 1.185 0.000 0.000 0.000 0.000 0.000 0.000 0.000 0.000
-1.500 1.500 1.185 0.000 0.000 0.000 0.000 0.000 0.000 0.000 0.000
-1.500 1.500 1.185 0.000 0.000 0.000 0.000 0.000 0.000 0.000 0.000
-1.500 1.500 1.185 0.000 0.000 0.000 0.000 0.000 0.000 0.000 0.000
-1.500 1.500 1.185 0.000 0.000 0.000 0.000 0.000 0.000 0.000 0.000
-1.500 1.500 1.185 0.000 0.000 0.000 0.000 0.000 0.000 0.000 0.000
-1.500 1.500 1.185 0.000 0.000 0.000 0.000 0.000 0.000 0.000 0.000
-1.500 1.500 1.185 0.000 0.000 0.000 0.000 0.000 0.000 0.000 0.000
-1.500 1.500 1.185 0.000 0.000 0.000 0.000 0.000 0.000 0.000 0.000
-1.500 1.500 1.185 0.000 0.000 0.000 0.000 0.000 0.000 0.000 0.000
-1.500 1.500 1.185 0.000 0.000 0.000 0.000 0.000 0.000 0.000 0.000
-1.500 1.500 1.185 0.000 0.000 0.000 0.000 0.000 0.000 0.000 0.000
-1.500 1.500 1.185 0.000 0.000 0.000 0.000 0.000 0.000 0.000 0.000
-1.500 1.500 1.185 0.000 0.000 0.000 0.000 0.000 0.000 0.000 0.000
-1.500 1.500 1.185 0.000 0.000 0.000 0.000 0.000 0.000 0.000 0.000
-1.500 1.500 1.185 0.000 0.000 0.000 0.000 0.000 0.000 0.000 0.000
-1.500 1.500 1.185 0.000 0.000 0.000 0.000 0.000 0.000 0.000 0.000
-1.500 1.500 1.185 0.000 0.000 0.000 0.000 0.000 0.000 0.000 0.000
-1.500 1.500 1.185 0.000 0.000 0.000 0.000 0.000 0.000 0.000 0.000
-1.500 1.500 1.185 0.000 0.000 0.000 0.000 0.000 0.000 0.000 0.000
-1.500 1.500 1.185 0.000 0.000 0.000 0.000 0.000 0.000 0.000 0.000
-1.500 1.500 1.185 0.000 0.000 0.000 0.000 0.000 0.000 0.000 0.000
-1.500 1.500 1.185 0.000 0.000 0.000 0.000 0.000 0.000 0.000 0.000
-1.500 1.500 1.185 0.000 0.000 0.000 0.000 0.000 0.000 0.000 0.000
-1.500 1.500 1.185 0.000 0.000 0.000 0.000 0.000 0.000 0.000 0.000
-1.500 1.500 1.185 0.000 0.000 0.000 0.000 0.000 0.000 0.000 0.000
-1.500 1.500 1.185 0.000 0.000 0.000 0.000 0.000 0.000 0.000 0.000
-1.500 1.500 1.185 0.000 0.000 0.000 0.000 0.000 0.000 0.000 0.000
-1.500 1.500 1.185 0.000 0.000 0.000 0.000 0.000 0.000 0.000 0.000
-1.500 1.500 1.185 0.000 0.000 0.000 0.000 0.000 0.000 0.000 0.000
-1.500 1.500 1.185 0.000 0.000 0.000 0.000 0.000 0.000 0.000 0.000
-1.500 1.500 1.185 0.000 0.000 0.000 0.000 0.000 0.000 0.000 0.000
-1.500 1.500 1.185 0.000 0.000 0.000 0.000 0.000 0.000 0.000 0.000
-1.500 1.500 1.185 0.000 0.000 0.000 0.000 0.000 0.000 0.000 0.000
-1.500 1.500 1.185 0.000 0.000 0.000 0.000 0.000 0.000 0.000 0.000
-1.500 1.500 1.185 0.000 0.000 0.000 0.000 0.000 0.000 0.000 0.000
-1.500 1.500 1.185 0.000 0.000 0.000 0.000 0.000 0.000 0.000 0.000
-1.500 1.500 1.185 0.000 0.000 0.000 0.000 0.000 0.000 0.000 0.000
-1.500 1.500 1.185 0.000 0.000 0.000 0.000 0.000 0.000 0.000 0.000
-1.500 1.500 1.185 0.000 0.000 0.000 0.000 0.000 0.000 0.000 0.000
-1.500 1.500 1.185 0.000 0.000 0.000 0.000 0.000 0.000 0.000 0.000
-1.500 1.500 1.185 0.000 0.000 0.000 0.000 0.000 0.000 0.000 0.000
-1.500 1.500 1.185 0.000 0.000 0.000 0.000 0.000 0.000 0.000 0.000
-1.500 1.500 1.185 0.000 0.000 0.000 0.000 0.000 0.000 0.000 0.000
-1.500 1.500 1.185 0.000 0.000 0.000 0.000 0.000 0.000 0.000 0.000
-1.500 1.500 1.185 0.000 0.000 0.000 0.000 0.000 0.000 0.000 0.000
-1.500 1.500 1.185 0.000 0.000 0.000 0.000 0.000 0.000 0.000 0.000
-1.500 1.500 1.185 0.000 0.000 0.000 0.000 0.000 0.000 0.000 0.000
-1.500 1.500 1.185 0.000 0.000 0.000 0.000 0.000 0.000 0.000 0.000
-1.500 1.500 1.185 0.000 0.000 0.000 0.000 0.000 0.000 0.000 0.000
-1.500 1.500 1.185 0.000 0.000 0.000 0.000 0.000 0.000 0.000 0.000
-1.500 1.500 1.185 0.000 0.000 0.000 0.000 0.000 0.000 0.000 0.000
-1.500 1.500 1.185 0.000 0.000 0.000 0.000 0.000 0.000 0.000 0.000
-1.500 1.500 1.185 0.000 0.000 0.000 0.000 0.000 0.000 0.000 0.000
-1.500 1.500 1.185 0.000 0.000 0.000 0.000 0.000 0.000 0.000 0.000
-1.500 1.500 1.185 0.000 0.000 0.000 0.000 0.000 0.000 0.000 0.000
-1.500 1.500 1.185 0.000 0.000 0.000 0.000 0.000 0.000 0.000 0.000
-1.500 1.500 1.185 0.000 0.000 0.000 0.000 0.000 0.000 0.000 0.000
-1.500 1.500 1.185 0.000 0.000 0.000 0.000 0.000 0.000 0.000 0.000
-1.500 1.500 1.185 0.000 0.000 0.000 0.000 0.000 0.000 0.000 0.000
-1.500 1.500 1.185 0.000 0.000 0.000 0.000 0.000 0.000 0.000 0.000
-1.500 1.500 1.185 0.000 0.000 0.000 0.000 0.000 0.000 0.000 0.000
-1.500 1.500 1.185 0.000 0.000 0.000 0.000 0.000 0.000 0.000 0.000
-1.500 1.500 1.185 0.000 0.000 0.000 0.000 0.000 0.000 0.000 0.000
-1.500 1.500 1.185 0.000 0.000 0.000 0.000 0.000 0.000 0.000 0.000
-1.500 1.500 1.185 0.000 0.000 0.000 0.000 0.000 0.000 0.000 0.000
-1.500 1.500 1.185 0.000 0.000 0.000 0.000 0.000 0.000 0.000 0.000
-1.500 1.500 1.185 0.000 0.000 0.000 0.000 0.000 0.000 0.000 0.000
-1.500 1.500 1.185 0.000 0.000 0.000 0.000 0.000 0.000 0.000 0.000
-1.500 1.500 1.185 0.000 0.000 0.000 0.000 0.000 0.000 0.000 0.000
-1.500 1.500 1.185 0.000 0.000 0.000 0.000 0.000 0.000 0.000 0.000
-1.500 1.500 1.185 0.000 0.000 0.000 0.000 0.000 0.000 0.000 0.000
-1.500 1.500 1.185 0.000 0.000 0.000 0.000 0.000 0.000 0.000 0.000
-1.500 1.500 1.185 0.000 0.000 0.000 0.000 0.000 0.000 0.000 0.000
-1.500 1.500 1.185 0.000 0.000 0.000 0.000 0.000 0.000 0.000 0.000
-1.500 1.500 1.185 0.000 0.000 0.000 0.000 0.000 0.000 0.000 0.000
-1.500 1.500 1.185 0.000 0.000 0.000 0.000 0.000 0.000 0.000 0.000
-1.500 1.500 1.185 0.000 0.000 0.000 0.000 0.000 0.000 0.000 0.000
-1.500 1.500 1.185 0.000 0.000 0.000 0.000 0.000 0.000 0.000 0.000
-1.500 1.500 1.185 0.000 0.000 0.000 0.000 0.000 0.000 0.000 0.000
-1.500 1.500 1.185 0.000 0.000 0.000 0.000 0.000 0.000 0.000 0.000
-1.500 1.500 1.185 0.000 0.000 -0.000 0.000 0.000 -0.000 0.000 0.000
-1.500 1.500 1.185 0.000 0.000 -0.000 0.001 0.000 -0.000 0.000 0.000
-1.500 1.500 1.185 0.000 0.000 -0.000 0.002 0.001 -0.000 0.000 0.000
-1.500 1.500 1.185 0.000 0.000 -0.000 0.003 0.001 -0.000 0.000 0.000
-1.500 1.500 1.185 0.000 0.000 -0.000 0.004 0.002 -0.000 0.000 0.000
-1.500 1.500 1.185 0.001 0.000 -0.000 0.006 0.003 -0.000 0.000 0.000
-1.500 1.500 1.185 0.001 0.000 -0.000 0.008 0.003 -0.000 0.000 0.000
-1.500 1.500 1.185 0.001 0.001 -0.000 0.010 0.004 -0.000 0.000 0.000
-1.500 1.500 1.185 0.002 0.001 -0.000 0.012 0.005 -0.000 0.000 0.000
-1.500 1.500 1.185 0.003 0.001 -0.000 0.015 0.007 -0.000 0.000 0.000
-1.500 1.500 1.185 0.003 0.002 -0.000 0.018 0.008 -0.000 0.000 0.000
-1.499 1.500 1.185 0.004 0.002 -0.000 0.021 0.009 -0.000 0.000 0.000
-1.499 1.500 1.185 0.006 0.002 -0.000 0.024 0.011 -0.000 0.000 0.000
-1.499 1.501 1.185 0.007 0.003 -0.000 0.027 0.012 -0.000 0.000 0.000
-1.498 1.501 1.185 0.008 0.004 -0.000 0.030 0.013 -0.000 0.000 0.000
-1.498 1.501 1.185 0.010 0.004 -0.000 0.034 0.015 -0.000 0.000 0.000
-1.497 1.501 1.185 0.012 0.005 -0.000 0.037 0.017 -0.000 0.000 0.000
-1.497 1.501 1.185 0.014 0.006 -0.000 0.041 0.018 -0.000 0.000 0.000
-1.496 1.502 1.185 0.016 0.007 -0.000 0.045 0.020 -0.000 0.000 0.000
-1.495 1.502 1.185 0.018 0.008 -0.000 0.049 0.021 -0.000 0.000 0.000
-1.494 1.503 1.185 0.021 0.009 -0.000 0.052 0.023 -0.000 0.000 0.000
-1.493 1.503 1.185 0.023 0.010 -0.000 0.056 0.025 -0.000 0.000 0.000
-1.492 1.504 1.185 0.026 0.012 -0.000 0.060 0.026 -0.000 0.000 0.000
-1.491 1.504 1.185 0.029 0.013 -0.000 0.064 0.028 -0.000 0.000 0.000
-1.489 1.505 1.185 0.033 0.014 -0.000 0.068 0.030 -0.000 0.000 0.000
-1.487 1.506 1.185 0.036 0.016 -0.000 0.072 0.031 -0.000 0.000 0.000
-1.485 1.506 1.185 0.040 0.017 -0.000 0.076 0.033 -0.000 0.000 0.000
-1.483 1.507 1.185 0.044 0.019 -0.000 0.080 0.035 -0.000 0.000 0.000
-1.481 1.508 1.185 0.048 0.021 -0.000 0.083 0.036 -0.000 0.000 0.000
-1.478 1.509 1.185 0.052 0.023 -0.000 0.087 0.038 -0.000 0.000 0.000
-1.476 1.511 1.185 0.056 0.025 -0.000 0.091 0.039 -0.000 0.000 0.000
-1.473 1.512 1.185 0.061 0.027 -0.000 0.095 0.041 -0.000 0.000 0.000
-1.470 1.513 1.185 0.066 0.029 -0.000 0.098 0.042 -0.000 0.000 0.000
-1.466 1.515 1.185 0.071 0.031 -0.000 0.102 0.044 -0.000 0.000 0.000
-1.463 1.516 1.185 0.076 0.033 -0.000 0.105 0.045 -0.000 0.000 0.000
-1.459 1.518 1.185 0.081 0.036 -0.000 0.108 0.047 -0.000 0.000 0.000
-1.454 1.520 1.185 0.087 0.038 -0.000 0.112 0.048 -0.000 0.000 0.000
-1.450 1.522 1.185 0.093 0.040 -0.000 0.115 0.049 -0.000 0.000 0.000
-1.445 1.524 1.185 0.098 0.043 -0.000 0.118 0.050 -0.000 0.000 0.000
-1.440 1.526 1.185 0.104 0.045 -0.000 0.121 0.052 -0.000 0.000 0.000
-1.435 1.529 1.185 0.110 0.048 -0.000 0.124 0.053 -0.000 0.000 0.000
-1.429 1.531 1.185 0.117 0.051 -0.000 0.126 0.054 -0.000 0.000 0.000
-1.423 1.534 1.185 0.123 0.053 -0.000 0.129 0.055 -0.000 0.000 0.000
-1.417 1.536 1.185 0.130 0.056 -0.000 0.131 0.056 -0.000 0.000 0.000
-1.410 1.539 1.185 0.136 0.059 -0.000 0.134 0.056 -0.000 0.000 0.000
-1.403 1.542 1.185 0.143 0.062 -0.000 0.136 0.057 -0.000 0.000 0.000
-1.396 1.545 1.185 0.150 0.065 -0.000 0.138 0.058 -0.000 0.000 0.000
-1.388 1.549 1.185 0.157 0.068 -0.000 0.140 0.059 -0.000 0.000 0.000
-1.380 1.552 1.185 0.164 0.070 -0.000 0.141 0.059 -0.000 0.000 0.000
-1.372 1.556 1.185 0.171 0.073 -0.000 0.143 0.060 -0.000 0.000 0.000
-1.363 1.560 1.185 0.178 0.076 -0.000 0.145 0.060 -0.000 0.000 0.000
-1.354 1.563 1.185 0.185 0.079 -0.000 0.146 0.060 -0.000 0.000 0.000
-1.345 1.567 1.185 0.193 0.082 -0.000 0.147 0.061 -0.000 0.000 0.000
-1.335 1.572 1.185 0.200 0.085 -0.000 0.148 0.061 -0.000 0.000 0.000
-1.324 1.576 1.185 0.207 0.089 -0.000 0.149 0.061 -0.000 0.000 0.000
-1.314 1.581 1.185 0.215 0.092 -0.000 0.149 0.061 -0.000 0.000 0.000
-1.303 1.585 1.185 0.222 0.095 -0.000 0.150 0.061 -0.000 0.000 0.000
-1.292 1.590 1.185 0.230 0.098 -0.000 0.150 0.061 -0.000 0.000 0.000
-1.280 1.595 1.185 0.237 0.101 -0.000 0.150 0.060 -0.000 0.000 0.000
-1.268 1.600 1.185 0.245 0.104 -0.000 0.151 0.060 -0.000 0.000 0.000
-1.256 1.605 1.185 0.252 0.107 -0.000 0.150 0.060 -0.000 0.000 0.000
-1.243 1.611 1.185 0.260 0.110 -0.000 0.150 0.059 -0.000 0.000 0.000
-1.230 1.616 1.185 0.267 0.113 -0.000 0.150 0.059 -0.000 0.000 0.000
-1.216 1.622 1.185 0.275 0.116 -0.000 0.149 0.058 -0.000 0.000 0.000
-1.202 1.628 1.185 0.282 0.118 -0.000 0.148 0.058 -0.000 0.000 0.000
-1.188 1.634 1.185 0.290 0.121 -0.000 0.147 0.057 -0.000 0.000 0.000
-1.173 1.640 1.185 0.297 0.124 -0.000 0.146 0.056 -0.000 0.000 0.000
-1.158 1.646 1.185 0.304 0.127 -0.000 0.145 0.055 -0.000 0.000 0.000
-1.143 1.653 1.185 0.312 0.130 -0.000 0.144 0.054 -0.000 0.000 0.000
-1.127 1.659 1.185 0.319 0.132 -0.000 0.142 0.053 -0.000 0.000 0.000
-1.111 1.666 1.185 0.326 0.135 -0.000 0.141 0.052 0.000 0.000 0.000
-1.094 1.673 1.185 0.333 0.137 -0.000 0.139 0.051 0.000 0.000 0.000
-1.077 1.680 1.185 0.340 0.140 -0.000 0.137 0.049 0.000 0.000 0.000
-1.060 1.687 1.185 0.346 0.142 -0.000 0.135 0.048 0.000 0.000 0.000
-1.043 1.694 1.185 0.353 0.145 -0.000 0.132 0.047 0.000 0.000 0.000
-1.025 1.701 1.185 0.360 0.147 -0.000 0.130 0.045 0.000 0.000 0.000
-1.007 1.709 1.185 0.366 0.149 -0.000 0.127 0.044 0.000 0.000 0.000
-0.988 1.716 1.185 0.372 0.151 -0.000 0.125 0.042 0.000 0.000 0.000
-0.970 1.724 1.185 0.379 0.154 -0.000 0.122 0.040 0.000 0.000 0.000
-0.951 1.731 1.185 0.385 0.155 -0.000 0.119 0.039 0.000 0.000 0.000
-0.931 1.739 1.185 0.391 0.157 -0.000 0.116 0.037 0.000 0.000 0.000
-0.911 1.747 1.185 0.396 0.159 -0.000 0.113 0.035 0.000 0.000 0.000
-0.892 1.755 1.185 0.402 0.161 -0.000 0.110 0.033 0.000 0.000 0.000
-0.871 1.763 1.185 0.407 0.162 -0.000 0.107 0.031 0.000 0.000 0.000
-0.851 1.771 1.185 0.413 0.164 -0.000 0.103 0.029 0.000 0.000 0.000
-0.830 1.780 1.185 0.418 0.165 -0.000 0.100 0.027 0.000 0.000 0.000
-0.809 1.788 1.185 0.422 0.167 -0.000 0.096 0.025 0.000 0.000 0.000
-0.788 1.796 1.185 0.427 0.168 -0.000 0.092 0.023 0.000 0.000 0.000
-0.766 1.805 1.185 0.432 0.169 -0.000 0.088 0.020 0.000 0.000 0.000
-0.745 1.813 1.185 0.436 0.170 -0.000 0.084 0.018 0.000 0.000 0.000
-0.723 1.822 1.185 0.440 0.171 -0.000 0.080 0.016 0.000 0.000 0.000
-0.701 1.830 1.185 0.444 0.171 -0.000 0.076 0.014 0.000 0.000 0.000
-0.678 1.839 1.185 0.448 0.172 -0.000 0.072 0.011 0.000 0.000 0.000
-0.656 1.847 1.185 0.451 0.173 -0.000 0.068 0.009 0.000 0.000 0.000
-0.633 1.856 1.185 0.455 0.173 -0.000 0.064 0.006 0.000 0.000 0.000
-0.610 1.865 1.185 0.458 0.173 -0.000 0.059 0.004 0.000 0.000 0.000
-0.587 1.873 1.185 0.460 0.173 -0.000 0.055 0.001 0.000 0.000 0.000
-0.564 1.882 1.185 0.463 0.173 -0.000 0.051 -0.001 0.000 0.000 0.000
-0.541 1.891 1.185 0.466 0.173 -0.000 0.046 -0.004 0.000 0.000 0.000
-0.518 1.899 1.185 0.468 0.173 -0.000 0.042 -0.006 0.000 0.000 0.000
-0.494 1.908 1.185 0.470 0.173 -0.000 0.037 -0.009 0.000 0.000 0.000
-0.471 1.917 1.185 0.471 0.172 -0.000 0.033 -0.011 0.000 0.000 0.000
-0.447 1.925 1.185 0.473 0.172 -0.000 0.028 -0.014 0.000 0.000 0.000
-0.424 1.934 1.185 0.474 0.171 -0.000 0.024 -0.017 0.000 0.000 0.000
-0.400 1.942 1.185 0.475 0.170 0.000 0.019 -0.019 0.000 0.000 0.000
-0.376 1.951 1.185 0.476 0.169 0.000 0.014 -0.022 0.000 0.000 0.000
-0.352 1.959 1.185 0.477 0.168 0.000 0.010 -0.024 0.000 0.000 0.000
-0.328 1.968 1.185 0.477 0.166 0.000 0.005 -0.027 0.000 0.000 0.000
-0.304 1.976 1.185 0.477 0.165 0.000 0.001 -0.030 0.000 0.000 0.000
-0.281 1.984 1.185 0.477 0.163 0.000 -0.004 -0.032 0.000 0.000 0.000
-0.257 1.992 1.185 0.477 0.162 0.000 -0.009 -0.035 0.000 0.000 0.000
-0.233 2.000 1.185 0.476 0.160 0.000 -0.013 -0.038 0.000 0.000 0.000
-0.209 2.008 1.185 0.476 0.158 0.000 -0.018 -0.040 0.000 0.000 0.000
-0.185 2.016 1.185 0.475 0.156 0.000 -0.022 -0.043 0.000 0.000 0.000
-0.162 2.024 1.185 0.473 0.154 0.000 -0.026 -0.045 0.000 0.000 0.000
-0.138 2.031 1.185 0.472 0.151 0.000 -0.031 -0.048 0.000 0.000 0.000
-0.114 2.039 1.185 0.470 0.149 0.000 -0.035 -0.050 0.000 0.000 0.000
-0.091 2.046 1.185 0.469 0.146 0.000 -0.039 -0.053 0.000 0.000 0.000
-0.068 2.054 1.185 0.466 0.144 0.000 -0.044 -0.055 0.000 0.000 0.000
-0.044 2.061 1.185 0.464 0.141 0.000 -0.048 -0.058 0.000 0.000 0.000
-0.021 2.068 1.185 0.462 0.138 0.000 -0.052 -0.060 0.000 0.000 0.000
0.002 2.074 1.185 0.459 0.135 0.000 -0.056 -0.063 0.000 0.000 0.000
0.025 2.081 1.185 0.456 0.132 0.000 -0.060 -0.065 0.000 0.000 0.000
0.047 2.088 1.185 0.453 0.128 0.000 -0.064 -0.067 0.000 0.000 0.000
0.070 2.094 1.185 0.450 0.125 0.000 -0.067 -0.069 0.000 0.000 0.000
0.092 2.100 1.185 0.446 0.121 0.000 -0.071 -0.072 0.000 0.000 0.000
0.115 2.106 1.185 0.443 0.118 0.000 -0.074 -0.074 0.000 0.000 0.000
0.137 2.112 1.185 0.439 0.114 0.000 -0.078 -0.076 0.000 0.000 0.000
0.159 2.117 1.185 0.435 0.110 0.000 -0.081 -0.078 0.000 0.000 0.000
0.180 2.123 1.185 0.431 0.106 0.000 -0.085 -0.080 0.000 0.000 0.000
0.202 2.128 1.185 0.426 0.102 0.000 -0.088 -0.082 0.000 0.000 0.000
0.223 2.133 1.185 0.422 0.098 0.000 -0.091 -0.084 0.000 0.000 0.000
0.244 2.138 1.185 0.417 0.094 0.000 -0.094 -0.086 0.000 0.000 0.000
0.265 2.142 1.185 0.413 0.089 0.000 -0.096 -0.087 0.000 0.000 0.000
0.285 2.147 1.185 0.408 0.085 0.000 -0.099 -0.089 0.000 0.000 0.000
0.305 2.151 1.185 0.403 0.081 0.000 -0.101 -0.091 0.000 0.000 0.000
0.325 2.155 1.185 0.398 0.076 0.000 -0.104 -0.092 0.000 0.000 0.000
0.345 2.159 1.185 0.392 0.071 0.000 -0.106 -0.094 0.000 0.000 0.000
0.365 2.162 1.185 0.387 0.067 0.000 -0.108 -0.095 0.000 0.000 0.000
0.384 2.165 1.185 0.381 0.062 0.000 -0.110 -0.097 0.000 0.000 0.000
0.403 2.168 1.185 0.376 0.057 0.000 -0.112 -0.098 0.000 0.000 0.000
0.421 2.171 1.185 0.370 0.052 0.000 -0.114 -0.099 0.000 0.000 0.000
0.440 2.173 1.185 0.365 0.047 0.000 -0.115 -0.101 0.000 0.000 0.000
0.458 2.176 1.185 0.359 0.042 0.000 -0.116 -0.102 0.000 0.000 0.000
0.476 2.178 1.185 0.353 0.037 0.000 -0.118 -0.103 0.000 0.000 0.000
0.493 2.179 1.185 0.347 0.032 0.000 -0.119 -0.104 0.000 0.000 0.000
0.510 2.181 1.185 0.341 0.026 0.000 -0.119 -0.104 -0.000 0.000 0.000
0.527 2.182 1.185 0.335 0.021 0.000 -0.120 -0.105 -0.000 0.000 0.000
0.544 2.183 1.185 0.329 0.016 0.000 -0.121 -0.106 -0.000 0.000 0.000
0.560 2.183 1.185 0.323 0.011 0.000 -0.121 -0.106 -0.000 0.000 0.000
0.576 2.184 1.185 0.317 0.005 0.000 -0.121 -0.107 -0.000 0.000 0.000
0.592 2.184 1.185 0.311 -0.000 0.000 -0.121 -0.107 -0.000 0.000 0.000
0.607 2.184 1.185 0.305 -0.006 0.000 -0.121 -0.108 -0.000 0.000 0.000
0.622 2.183 1.185 0.299 -0.011 0.000 -0.121 -0.108 -0.000 0.000 0.000
0.637 2.183 1.185 0.293 -0.016 0.000 -0.120 -0.108 -0.000 0.000 0.000
0.652 2.182 1.185 0.287 -0.022 0.000 -0.120 -0.108 -0.000 0.000 0.000
0.666 2.181 1.185 0.281 -0.027 0.000 -0.119 -0.108 -0.000 0.000 0.000
0.680 2.179 1.185 0.275 -0.033 0.000 -0.118 -0.108 -0.000 0.000 0.000
0.693 2.177 1.185 0.269 -0.038 0.000 -0.117 -0.108 -0.000 0.000 0.000
0.707 2.175 1.185 0.263 -0.043 0.000 -0.115 -0.108 -0.000 0.000 0.000
0.720 2.173 1.185 0.257 -0.049 0.000 -0.114 -0.107 -0.000 0.000 0.000
0.732 2.170 1.185 0.252 -0.054 0.000 -0.112 -0.107 -0.000 0.000 0.000
0.745 2.168 1.185 0.246 -0.059 0.000 -0.111 -0.106 -0.000 0.000 0.000
0.757 2.165 1.185 0.241 -0.065 0.000 -0.109 -0.106 -0.000 0.000 0.000
0.769 2.161 1.185 0.235 -0.070 0.000 -0.106 -0.105 -0.000 0.000 0.000
0.780 2.158 1.185 0.230 -0.075 0.000 -0.104 -0.104 -0.000 0.000 0.000
0.792 2.154 1.185 0.225 -0.080 0.000 -0.102 -0.103 -0.000 0.000 0.000
0.803 2.149 1.185 0.220 -0.086 0.000 -0.099 -0.102 -0.000 0.000 0.000
0.814 2.145 1.185 0.215 -0.091 0.000 -0.096 -0.101 -0.000 0.000 0.000
0.824 2.140 1.185 0.210 -0.096 0.000 -0.093 -0.100 -0.000 0.000 0.000
0.835 2.136 1.185 0.206 -0.101 0.000 -0.090 -0.099 -0.000 0.000 0.000
0.845 2.130 1.185 0.201 -0.106 0.000 -0.087 -0.098 -0.000 0.000 0.000
0.855 2.125 1.185 0.197 -0.110 0.000 -0.084 -0.096 -0.000 0.000 0.000
0.865 2.119 1.185 0.193 -0.115 -0.000 -0.080 -0.095 -0.000 0.000 0.000
0.874 2.113 1.185 0.189 -0.120 -0.000 -0.077 -0.093 -0.000 0.000 0.000
0.884 2.107 1.185 0.185 -0.124 -0.000 -0.073 -0.091 -0.000 0.000 0.000
0.893 2.101 1.185 0.182 -0.129 -0.000 -0.069 -0.090 -0.000 0.000 0.000
0.902 2.094 1.185 0.178 -0.133 -0.000 -0.065 -0.088 -0.000 0.000 0.000
0.911 2.088 1.185 0.175 -0.138 -0.000 -0.061 -0.086 -0.000 0.000 0.000
0.919 2.081 1.185 0.172 -0.142 -0.000 -0.057 -0.084 -0.000 0.000 0.000
0.928 2.073 1.185 0.169 -0.146 -0.000 -0.053 -0.082 -0.000 0.000 0.000
0.936 2.066 1.185 0.167 -0.150 -0.000 -0.049 -0.080 -0.000 0.000 0.000
0.944 2.058 1.185 0.164 -0.154 -0.000 -0.044 -0.078 -0.000 0.000 0.000
0.953 2.051 1.185 0.162 -0.158 -0.000 -0.040 -0.076 -0.000 0.000 0.000
0.961 2.043 1.185 0.161 -0.162 -0.000 -0.035 -0.074 -0.000 0.000 0.000
0.969 2.034 1.185 0.159 -0.165 -0.000 -0.031 -0.071 -0.000 0.000 0.000
0.977 2.026 1.185 0.157 -0.169 -0.000 -0.026 -0.069 -0.000 0.000 0.000
0.984 2.018 1.185 0.156 -0.172 -0.000 -0.021 -0.067 -0.000 0.000 0.000
0.992 2.009 1.185 0.155 -0.176 -0.000 -0.017 -0.064 -0.000 0.000 0.000
1.000 2.000 1.185 0.155 -0.179 -0.000 -0.012 -0.062 -0.000 0.000 0.000
1.008 1.991 1.185 0.154 -0.182 -0.000 -0.007 -0.059 0.000 0.000 0.000
1.015 1.982 1.185 0.154 -0.185 -0.000 -0.003 -0.057 0.000 0.000 0.000
1.023 1.973 1.185 0.154 -0.188 -0.000 0.002 -0.054 0.000 0.000 0.000
1.031 1.963 1.185 0.154 -0.190 -0.000 0.007 -0.052 0.000 0.000 0.000
1.039 1.953 1.185 0.155 -0.193 -0.000 0.011 -0.049 0.000 0.000 0.000
1.046 1.944 1.185 0.155 -0.195 -0.000 0.016 -0.047 0.000 0.000 0.000
1.054 1.934 1.185 0.156 -0.197 -0.000 0.021 -0.044 0.000 0.000 0.000
1.062 1.924 1.185 0.157 -0.200 -0.000 0.025 -0.042 0.000 0.000 0.000
1.070 1.914 1.185 0.159 -0.202 -0.000 0.029 -0.039 0.000 0.000 0.000
1.078 1.904 1.185 0.160 -0.203 -0.000 0.034 -0.036 0.000 0.000 0.000
1.086 1.894 1.185 0.162 -0.205 0.000 0.038 -0.034 0.000 0.000 0.000
1.094 1.883 1.185 0.164 -0.207 0.000 0.042 -0.031 0.000 0.000 0.000
1.102 1.873 1.185 0.166 -0.208 0.000 0.046 -0.029 0.000 0.000 0.000
1.111 1.863 1.185 0.169 -0.210 0.000 0.050 -0.026 0.000 0.000 0.000
1.119 1.852 1.185 0.171 -0.211 0.000 0.054 -0.024 0.000 0.000 0.000
1.128 1.841 1.185 0.174 -0.212 0.000 0.057 -0.021 0.000 0.000 0.000
1.136 1.831 1.185 0.177 -0.213 0.000 0.060 -0.019 0.000 0.000 0.000
1.145 1.820 1.185 0.180 -0.214 0.000 0.064 -0.017 0.000 0.000 0.000
1.154 1.809 1.185 0.183 -0.215 0.000 0.066 -0.014 0.000 0.000 0.000
1.164 1.799 1.185 0.187 -0.215 0.000 0.069 -0.012 0.000 0.000 0.000
1.173 1.788 1.185 0.190 -0.216 0.000 0.072 -0.010 0.000 0.000 0.000
1.183 1.777 1.185 0.194 -0.216 0.000 0.074 -0.008 0.000 0.000 0.000
1.193 1.766 1.185 0.198 -0.217 0.000 0.076 -0.006 0.000 0.000 0.000
1.202 1.755 1.185 0.201 -0.217 0.000 0.078 -0.004 0.000 0.000 0.000
1.213 1.745 1.185 0.205 -0.217 0.000 0.079 -0.002 0.000 0.000 0.000
1.223 1.734 1.185 0.209 -0.217 0.000 0.081 -0.000 0.000 0.000 0.000
1.234 1.723 1.185 0.213 -0.217 0.000 0.082 0.002 0.000 0.000 0.000
1.244 1.712 1.185 0.218 -0.217 0.000 0.082 0.003 0.000 0.000 0.000
1.255 1.701 1.185 0.222 -0.217 0.000 0.083 0.005 0.000 0.000 0.000
1.267 1.690 1.185 0.226 -0.217 0.000 0.083 0.006 0.000 0.000 0.000
1.278 1.680 1.185 0.230 -0.216 0.000 0.083 0.007 0.000 0.000 0.000
1.290 1.669 1.185 0.234 -0.216 0.000 0.082 0.009 0.000 0.000 0.000
1.301 1.658 1.185 0.238 -0.215 0.000 0.082 0.010 0.000 0.000 0.000
1.313 1.647 1.185 0.242 -0.215 0.000 0.081 0.011 0.000 0.000 0.000
1.326 1.636 1.185 0.246 -0.214 0.000 0.079 0.012 0.000 0.000 0.000
1.338 1.626 1.185 0.250 -0.214 0.000 0.077 0.012 -0.000 0.000 0.000
1.351 1.615 1.185 0.254 -0.213 0.000 0.075 0.013 -0.000 0.000 0.000
1.363 1.604 1.185 0.258 -0.212 0.000 0.073 0.014 -0.000 0.000 0.000
1.376 1.594 1.185 0.261 -0.212 0.000 0.071 0.014 -0.000 0.000 0.000
1.389 1.583 1.185 0.265 -0.211 0.000 0.068 0.014 -0.000 0.000 0.000
1.403 1.573 1.185 0.268 -0.210 0.000 0.064 0.014 -0.000 0.000 0.000
1.416 1.562 1.185 0.271 -0.210 0.000 0.061 0.015 -0.000 0.000 0.000
1.430 1.552 1.185 0.274 -0.209 0.000 0.057 0.014 -0.000 0.000 0.000
1.444 1.541 1.185 0.277 -0.208 0.000 0.053 0.014 -0.000 0.000 0.000
1.458 1.531 1.185 0.279 -0.207 0.000 0.048 0.014 -0.000 0.000 0.000
1.472 1.521 1.185 0.282 -0.207 0.000 0.044 0.014 -0.000 0.000 0.000
1.486 1.510 1.185 0.284 -0.206 0.000 0.039 0.013 -0.000 0.000 0.000
1.500 1.500 1.185 0.286 -0.205 0.000 0.033 0.012 -0.000 0.000 0.000
1.514 1.490 1.185 0.287 -0.205 0.000 0.028 0.012 -0.000 0.000 0.000
1.529 1.480 1.185 0.288 -0.204 0.000 0.022 0.011 -0.000 0.000 0.000
1.543 1.469 1.185 0.289 -0.204 0.000 0.016 0.010 -0.000 0.000 0.000
1.558 1.459 1.185 0.290 -0.203 0.000 0.010 0.009 -0.000 0.000 0.000
1.572 1.449 1.185 0.290 -0.203 0.000 0.004 0.007 -0.000 0.000 0.000
1.587 1.439 1.185 0.290 -0.203 0.000 -0.002 0.006 -0.000 0.000 0.000
1.601 1.429 1.185 0.290 -0.202 0.000 -0.009 0.005 -0.000 0.000 0.000
1.616 1.419 1.185 0.289 -0.202 0.000 -0.016 0.003 -0.000 0.000 0.000
1.630 1.409 1.185 0.289 -0.202 0.000 -0.022 0.002 -0.000 0.000 0.000
1.645 1.398 1.185 0.287 -0.202 0.000 -0.029 0.000 -0.000 0.000 0.000
1.659 1.388 1.185 0.286 -0.202 0.000 -0.036 -0.001 -0.000 0.000 0.000
1.673 1.378 1.185 0.284 -0.202 0.000 -0.043 -0.003 -0.000 0.000 0.000
1.687 1.368 1.185 0.281 -0.202 0.000 -0.050 -0.005 -0.000 0.000 0.000
1.701 1.358 1.185 0.279 -0.203 0.000 -0.057 -0.007 -0.000 0.000 0.000
1.715 1.348 1.185 0.276 -0.203 -0.000 -0.064 -0.009 -0.000 0.000 0.000
1.729 1.338 1.185 0.272 -0.203 -0.000 -0.071 -0.011 -0.000 0.000 0.000
1.742 1.328 1.185 0.269 -0.204 -0.000 -0.077 -0.013 -0.000 0.000 0.000
1.756 1.317 1.185 0.264 -0.205 -0.000 -0.084 -0.014 -0.000 0.000 0.000
1.769 1.307 1.185 0.260 -0.205 -0.000 -0.090 -0.016 -0.000 0.000 0.000
1.782 1.297 1.185 0.255 -0.206 -0.000 -0.097 -0.018 -0.000 0.000 0.000
1.794 1.286 1.185 0.250 -0.207 -0.000 -0.103 -0.020 -0.000 0.000 0.000
1.807 1.276 1.185 0.245 -0.208 -0.000 -0.109 -0.022 -0.000 0.000 0.000
1.819 1.266 1.185 0.240 -0.210 -0.000 -0.115 -0.024 -0.000 0.000 0.000
1.831 1.255 1.185 0.234 -0.211 -0.000 -0.120 -0.026 -0.000 0.000 0.000
1.842 1.245 1.185 0.228 -0.212 -0.000 -0.125 -0.028 -0.000 0.000 0.000
1.853 1.234 1.185 0.221 -0.214 -0.000 -0.130 -0.030 -0.000 0.000 0.000
1.864 1.223 1.185 0.215 -0.215 -0.000 -0.135 -0.032 -0.000 0.000 0.000
1.875 1.212 1.185 0.208 -0.217 -0.000 -0.139 -0.034 -0.000 0.000 0.000
1.885 1.201 1.185 0.201 -0.219 -0.000 -0.143 -0.036 -0.000 0.000 0.000
1.895 1.191 1.185 0.193 -0.220 -0.000 -0.146 -0.037 -0.000 0.000 0.000
1.904 1.179 1.185 0.186 -0.222 -0.000 -0.149 -0.039 -0.000 0.000 0.000
1.913 1.168 1.185 0.179 -0.224 -0.000 -0.152 -0.041 -0.000 0.000 0.000
1.922 1.157 1.185 0.171 -0.226 -0.000 -0.154 -0.042 -0.000 0.000 0.000
1.931 1.146 1.185 0.163 -0.228 -0.000 -0.156 -0.043 -0.000 0.000 0.000
1.938 1.134 1.185 0.155 -0.231 -0.000 -0.158 -0.045 -0.000 0.000 0.000
1.946 1.123 1.185 0.147 -0.233 -0.000 -0.159 -0.046 -0.000 0.000 0.000
1.953 1.111 1.185 0.139 -0.235 -0.000 -0.159 -0.047 -0.000 0.000 0.000
1.960 1.099 1.185 0.131 -0.238 -0.000 -0.160 -0.048 0.000 0.000 0.000
1.966 1.087 1.185 0.123 -0.240 -0.000 -0.159 -0.049 0.000 0.000 0.000
1.972 1.075 1.185 0.115 -0.243 -0.000 -0.158 -0.050 0.000 0.000 0.000
1.978 1.063 1.185 0.108 -0.245 -0.000 -0.157 -0.050 0.000 0.000 0.000
1.983 1.051 1.185 0.100 -0.248 -0.000 -0.156 -0.051 0.000 0.000 0.000
1.988 1.038 1.185 0.092 -0.250 -0.000 -0.153 -0.051 0.000 0.000 0.000
1.992 1.026 1.185 0.084 -0.253 -0.000 -0.151 -0.052 0.000 0.000 0.000
1.996 1.013 1.185 0.077 -0.255 -0.000 -0.148 -0.052 0.000 0.000 0.000
2.000 1.000 1.185 0.070 -0.258 -0.000 -0.145 -0.052 0.000 0.000 0.000
2.003 0.987 1.185 0.063 -0.261 -0.000 -0.141 -0.052 0.000 0.000 0.000
2.006 0.974 1.185 0.056 -0.263 -0.000 -0.137 -0.052 0.000 0.000 0.000
2.009 0.961 1.185 0.049 -0.266 -0.000 -0.132 -0.052 0.000 0.000 0.000
2.011 0.947 1.185 0.042 -0.268 -0.000 -0.127 -0.051 0.000 0.000 0.000
2.013 0.934 1.185 0.036 -0.271 -0.000 -0.122 -0.051 0.000 0.000 0.000
2.015 0.920 1.185 0.030 -0.273 -0.000 -0.116 -0.050 0.000 0.000 0.000
2.016 0.907 1.185 0.025 -0.276 -0.000 -0.111 -0.049 0.000 0.000 0.000
2.017 0.893 1.185 0.019 -0.278 -0.000 -0.105 -0.049 0.000 0.000 0.000
2.018 0.879 1.185 0.014 -0.281 -0.000 -0.098 -0.048 0.000 0.000 0.000
2.019 0.865 1.185 0.009 -0.283 -0.000 -0.092 -0.047 0.000 0.000 0.000
2.019 0.850 1.185 0.005 -0.285 -0.000 -0.086 -0.046 0.000 0.000 0.000
2.019 0.836 1.185 0.001 -0.288 -0.000 -0.079 -0.044 0.000 0.000 0.000
2.019 0.822 1.185 -0.003 -0.290 -0.000 -0.072 -0.043 0.000 0.000 0.000
2.019 0.807 1.185 -0.006 -0.292 -0.000 -0.065 -0.042 0.000 0.000 0.000
2.018 0.792 1.185 -0.010 -0.294 -0.000 -0.059 -0.040 0.000 0.000 0.000
2.018 0.778 1.185 -0.012 -0.296 -0.000 -0.052 -0.039 0.000 0.000 0.000
2.017 0.763 1.185 -0.015 -0.298 -0.000 -0.045 -0.037 0.000 0.000 0.000
2.016 0.748 1.185 -0.017 -0.300 -0.000 -0.039 -0.035 0.000 0.000 0.000
2.016 0.733 1.185 -0.019 -0.301 0.000 -0.032 -0.034 0.000 0.000 0.000
2.015 0.718 1.185 -0.020 -0.303 0.000 -0.026 -0.032 0.000 0.000 0.000
2.014 0.703 1.185 -0.021 -0.305 0.000 -0.020 -0.030 0.000 0.000 0.000
2.012 0.687 1.185 -0.022 -0.306 0.000 -0.014 -0.028 0.000 0.000 0.000
2.011 0.672 1.185 -0.023 -0.307 0.000 -0.009 -0.026 0.000 0.000 0.000
2.010 0.657 1.185 -0.023 -0.309 0.000 -0.003 -0.025 0.000 0.000 0.000
2.009 0.641 1.185 -0.023 -0.310 0.000 0.002 -0.023 0.000 0.000 0.000
2.008 0.626 1.185 -0.023 -0.311 0.000 0.006 -0.021 0.000 0.000 0.000
2.007 0.610 1.185 -0.022 -0.312 0.000 0.011 -0.019 0.000 0.000 0.000
2.006 0.594 1.185 -0.022 -0.313 0.000 0.015 -0.017 0.000 0.000 0.000
2.005 0.579 1.185 -0.021 -0.314 0.000 0.018 -0.015 0.000 0.000 0.000
2.004 0.563 1.185 -0.020 -0.314 0.000 0.021 -0.013 0.000 0.000 0.000
2.003 0.547 1.185 -0.019 -0.315 0.000 0.024 -0.011 0.000 0.000 0.000
2.002 0.532 1.185 -0.018 -0.315 0.000 0.026 -0.010 0.000 0.000 0.000
2.001 0.516 1.185 -0.016 -0.316 0.000 0.028 -0.008 0.000 0.000 0.000
2.000 0.500 1.185 -0.015 -0.316 0.000 0.030 -0.006 -0.000 0.000 0.000
1.999 0.484 1.185 -0.013 -0.317 0.000 0.031 -0.005 0.000 0.000 0.000
1.999 0.468 1.185 -0.012 -0.317 0.000 0.032 -0.003 0.000 0.000 0.000
1.998 0.453 1.185 -0.010 -0.317 0.000 0.032 -0.002 0.000 0.000 0.000
1.998 0.437 1.185 -0.009 -0.317 0.000 0.032 -0.000 0.000 0.000 0.000
1.997 0.421 1.185 -0.007 -0.317 0.000 0.031 0.001 0.000 0.000 0.000
1.997 0.405 1.185 -0.005 -0.317 0.000 0.030 0.003 0.000 0.000 0.000
1.997 0.389 1.185 -0.004 -0.317 0.000 0.029 0.004 0.000 0.000 0.000
1.997 0.373 1.185 -0.002 -0.316 0.000 0.028 0.005 0.000 0.000 0.000
1.996 0.358 1.185 -0.001 -0.316 0.000 0.026 0.006 0.000 0.000 0.000
1.996 0.342 1.185 0.000 -0.316 0.000 0.024 0.007 0.000 0.000 0.000
1.996 0.326 1.185 0.001 -0.315 0.000 0.022 0.008 0.000 0.000 0.000
1.997 0.310 1.185 0.002 -0.315 0.000 0.019 0.009 0.000 0.000 0.000
1.997 0.294 1.185 0.003 -0.315 0.000 0.017 0.009 0.000 0.000 0.000
1.997 0.279 1.185 0.004 -0.314 0.000 0.014 0.010 0.000 0.000 0.000
1.997 0.263 1.185 0.005 -0.314 0.000 0.011 0.010 0.000 0.000 0.000
1.997 0.247 1.185 0.005 -0.313 0.000 0.009 0.010 0.000 0.000 0.000
1.998 0.232 1.185 0.005 -0.313 0.000 0.006 0.011 -0.000 0.000 0.000
1.998 0.216 1.185 0.006 -0.312 0.000 0.003 0.011 -0.000 0.000 0.000
1.998 0.201 1.185 0.006 -0.311 0.000 0.000 0.011 -0.000 0.000 0.000
1.998 0.185 1.185 0.006 -0.311 0.000 -0.002 0.011 -0.000 0.000 0.000
1.999 0.169 1.185 0.006 -0.310 0.000 -0.005 0.011 -0.000 0.000 0.000
1.999 0.154 1.185 0.005 -0.310 0.000 -0.007 0.010 -0.000 0.000 0.000
1.999 0.138 1.185 0.005 -0.309 0.000 -0.010 0.010 -0.000 0.000 0.000
2.000 0.123 1.185 0.004 -0.309 0.000 -0.012 0.009 -0.000 0.000 0.000
2.000 0.108 1.185 0.004 -0.308 0.000 -0.014 0.009 -0.000 0.000 0.000
2.000 0.092 1.185 0.003 -0.308 0.000 -0.015 0.008 -0.000 0.000 0.000
2.000 0.077 1.185 0.002 -0.308 0.000 -0.016 0.007 -0.000 0.000 0.000
2.000 0.061 1.185 0.001 -0.307 0.000 -0.017 0.007 -0.000 0.000 0.000
2.000 0.046 1.185 0.000 -0.307 0.000 -0.018 0.006 -0.000 0.000 0.000
2.000 0.031 1.185 -0.001 -0.307 0.000 -0.019 0.005 -0.000 0.000 0.000
2.000 0.015 1.185 -0.001 -0.307 0.000 -0.019 0.004 -0.000 0.000 0.000
2.000 0.000 1.185 -0.002 -0.306 0.000 -0.018 0.003 -0.000 0.000 0.000
2.000 -0.015 1.185 -0.003 -0.306 0.000 -0.018 0.001 -0.000 0.000 0.000
2.000 -0.031 1.185 -0.004 -0.306 0.000 -0.017 0.000 -0.000 0.000 0.000
1.999 -0.046 1.185 -0.005 -0.306 0.000 -0.016 -0.001 -0.000 0.000 0.000
1.999 -0.061 1.185 -0.006 -0.306 0.000 -0.014 -0.002 -0.000 0.000 0.000
1.999 -0.077 1.185 -0.006 -0.306 0.000 -0.013 -0.003 -0.000 0.000 0.000
1.999 -0.092 1.185 -0.007 -0.307 0.000 -0.011 -0.005 -0.000 0.000 0.000
1.998 -0.107 1.185 -0.007 -0.307 0.000 -0.008 -0.006 -0.000 0.000 0.000
1.998 -0.123 1.185 -0.008 -0.307 0.000 -0.006 -0.007 -0.000 0.000 0.000
1.997 -0.138 1.185 -0.008 -0.308 0.000 -0.003 -0.008 -0.000 0.000 0.000
1.997 -0.153 1.185 -0.008 -0.308 0.000 -0.000 -0.009 -0.000 0.000 0.000
1.997 -0.169 1.185 -0.008 -0.309 0.000 0.003 -0.010 -0.000 0.000 0.000
1.996 -0.184 1.185 -0.008 -0.309 0.000 0.006 -0.011 -0.000 0.000 0.000
1.996 -0.200 1.185 -0.008 -0.310 0.000 0.009 -0.012 -0.000 0.000 0.000
1.995 -0.215 1.185 -0.007 -0.310 0.000 0.012 -0.013 -0.000 0.000 0.000
1.995 -0.231 1.185 -0.006 -0.311 0.000 0.015 -0.014 -0.000 0.000 0.000
1.995 -0.246 1.185 -0.006 -0.312 -0.000 0.018 -0.014 -0.000 0.000 0.000
1.995 -0.262 1.185 -0.005 -0.312 -0.000 0.021 -0.015 -0.000 0.000 0.000
1.994 -0.278 1.185 -0.003 -0.313 -0.000 0.024 -0.015 -0.000 0.000 0.000
1.994 -0.293 1.185 -0.002 -0.314 -0.000 0.027 -0.015 -0.000 0.000 0.000
1.994 -0.309 1.185 -0.001 -0.315 -0.000 0.029 -0.015 -0.000 0.000 0.000
1.994 -0.325 1.185 0.001 -0.315 -0.000 0.031 -0.015 -0.000 0.000 0.000
1.994 -0.340 1.185 0.002 -0.316 -0.000 0.033 -0.015 -0.000 0.000 0.000
1.994 -0.356 1.185 0.004 -0.317 -0.000 0.035 -0.014 -0.000 0.000 0.000
1.995 -0.372 1.185 0.006 -0.318 -0.000 0.037 -0.013 -0.000 0.000 0.000
1.995 -0.388 1.185 0.008 -0.318 -0.000 0.038 -0.012 -0.000 0.000 0.000
1.995 -0.404 1.185 0.010 -0.319 -0.000 0.038 -0.011 -0.000 0.000 0.000
1.996 -0.420 1.185 0.012 -0.319 -0.000 0.039 -0.010 -0.000 0.000 0.000
1.997 -0.436 1.185 0.014 -0.320 -0.000 0.039 -0.009 -0.000 0.000 0.000
1.997 -0.452 1.185 0.015 -0.320 -0.000 0.038 -0.007 -0.000 0.000 0.000
1.998 -0.468 1.185 0.017 -0.321 -0.000 0.037 -0.005 -0.000 0.000 0.000
1.999 -0.484 1.185 0.019 -0.321 -0.000 0.036 -0.003 -0.000 0.000 0.000
2.000 -0.500 1.185 0.021 -0.321 -0.000 0.034 -0.001 -0.000 0.000 0.000
2.001 -0.516 1.185 0.022 -0.321 0.000 0.031 0.001 -0.000 0.000 0.000
2.002 -0.532 1.185 0.024 -0.321 0.000 0.028 0.004 -0.000 0.000 0.000
2.003 -0.548 1.185 0.025 -0.320 0.000 0.025 0.006 -0.000 0.000 0.000
2.005 -0.564 1.185 0.026 -0.320 0.000 0.021 0.009 -0.000 0.000 0.000
2.006 -0.580 1.185 0.027 -0.320 0.000 0.017 0.012 -0.000 0.000 0.000
2.008 -0.596 1.185 0.028 -0.319 0.000 0.012 0.015 -0.000 0.000 0.000
2.009 -0.612 1.185 0.029 -0.318 0.000 0.007 0.018 -0.000 0.000 0.000
2.010 -0.628 1.185 0.029 -0.317 0.000 0.002 0.021 -0.000 0.000 0.000
2.012 -0.644 1.185 0.029 -0.316 0.000 -0.004 0.025 -0.000 0.000 0.000
2.013 -0.659 1.185 0.029 -0.315 0.000 -0.010 0.028 -0.000 0.000 0.000
2.015 -0.675 1.185 0.028 -0.313 0.000 -0.017 0.031 -0.000 0.000 0.000
2.016 -0.691 1.185 0.027 -0.311 0.000 -0.023 0.035 -0.000 0.000 0.000
2.017 -0.706 1.185 0.026 -0.310 0.000 -0.030 0.038 -0.000 0.000 0.000
2.019 -0.722 1.185 0.024 -0.308 0.000 -0.037 0.041 -0.000 0.000 0.000
2.020 -0.737 1.185 0.022 -0.306 -0.000 -0.044 0.045 -0.000 0.000 0.000
2.021 -0.752 1.185 0.019 -0.303 -0.000 -0.052 0.048 -0.000 0.000 0.000
2.022 -0.767 1.185 0.017 -0.301 -0.000 -0.059 0.051 -0.000 0.000 0.000
2.022 -0.782 1.185 0.013 -0.298 -0.000 -0.067 0.054 -0.000 0.000 0.000
2.023 -0.797 1.185 0.010 -0.295 -0.000 -0.074 0.057 -0.000 0.000 0.000
2.023 -0.812 1.185 0.006 -0.293 -0.000 -0.082 0.059 -0.000 0.000 0.000
2.024 -0.826 1.185 0.002 -0.289 -0.000 -0.089 0.062 -0.000 0.000 0.000
2.024 -0.841 1.185 -0.003 -0.286 -0.000 -0.096 0.064 -0.000 0.000 0.000
2.023 -0.855 1.185 -0.008 -0.283 -0.000 -0.103 0.066 -0.000 0.000 0.000
2.023 -0.869 1.185 -0.013 -0.280 -0.000 -0.110 0.068 -0.000 0.000 0.000
2.022 -0.883 1.185 -0.019 -0.276 -0.000 -0.117 0.070 -0.000 0.000 0.000
2.021 -0.897 1.185 -0.025 -0.273 -0.000 -0.123 0.071 -0.000 0.000 0.000
2.019 -0.910 1.185 -0.031 -0.269 -0.000 -0.129 0.073 -0.000 0.000 0.000
2.018 -0.924 1.185 -0.038 -0.265 -0.000 -0.134 0.074 -0.000 0.000 0.000
2.016 -0.937 1.185 -0.045 -0.262 -0.000 -0.140 0.074 -0.000 0.000 0.000
2.013 -0.950 1.185 -0.052 -0.258 -0.000 -0.144 0.074 -0.000 0.000 0.000
2.011 -0.963 1.185 -0.059 -0.254 -0.000 -0.149 0.074 -0.000 0.000 0.000
2.007 -0.975 1.185 -0.066 -0.251 -0.000 -0.153 0.074 -0.000 0.000 0.000
2.004 -0.988 1.185 -0.074 -0.247 -0.000 -0.156 0.074 -0.000 0.000 0.000
2.000 -1.000 1.185 -0.082 -0.243 -0.000 -0.159 0.073 -0.000 0.000 0.000
1.996 -1.012 1.185 -0.090 -0.240 -0.000 -0.161 0.071 -0.000 0.000 0.000
1.991 -1.024 1.185 -0.098 -0.236 -0.000 -0.163 0.070 0.000 0.000 0.000
1.986 -1.036 1.185 -0.106 -0.233 -0.000 -0.164 0.068 0.000 0.000 0.000
1.980 -1.047 1.185 -0.115 -0.229 -0.000 -0.165 0.066 0.000 0.000 0.000
1.974 -1.059 1.185 -0.123 -0.226 -0.000 -0.165 0.064 0.000 0.000 0.000
1.968 -1.070 1.185 -0.131 -0.223 -0.000 -0.165 0.061 0.000 0.000 0.000
1.961 -1.081 1.185 -0.139 -0.220 -0.000 -0.164 0.058 0.000 0.000 0.000
1.954 -1.092 1.185 -0.147 -0.217 -0.000 -0.162 0.055 0.000 0.000 0.000
1.947 -1.103 1.185 -0.156 -0.215 -0.000 -0.160 0.051 0.000 0.000 0.000
1.939 -1.113 1.185 -0.163 -0.212 -0.000 -0.158 0.047 0.000 0.000 0.000
1.930 -1.124 1.185 -0.171 -0.210 -0.000 -0.155 0.044 0.000 0.000 0.000
1.921 -1.134 1.185 -0.179 -0.208 -0.000 -0.151 0.039 0.000 0.000 0.000
1.912 -1.145 1.185 -0.186 -0.206 -0.000 -0.147 0.035 0.000 0.000 0.000
1.903 -1.155 1.185 -0.194 -0.204 -0.000 -0.143 0.031 0.000 0.000 0.000
1.893 -1.165 1.185 -0.201 -0.203 -0.000 -0.138 0.026 0.000 0.000 0.000
1.883 -1.175 1.185 -0.207 -0.202 -0.000 -0.133 0.022 0.000 0.000 0.000
1.872 -1.185 1.185 -0.214 -0.201 -0.000 -0.127 0.017 0.000 0.000 0.000
1.861 -1.195 1.185 -0.220 -0.200 -0.000 -0.121 0.012 0.000 0.000 0.000
1.850 -1.205 1.185 -0.226 -0.199 -0.000 -0.115 0.007 0.000 0.000 0.000
1.839 -1.215 1.185 -0.232 -0.199 -0.000 -0.108 0.003 0.000 0.000 0.000
1.827 -1.225 1.185 -0.237 -0.199 -0.000 -0.101 -0.002 0.000 0.000 0.000
1.815 -1.235 1.185 -0.242 -0.199 0.000 -0.094 -0.007 0.000 0.000 0.000
1.803 -1.245 1.185 -0.246 -0.200 0.000 -0.087 -0.012 0.000 0.000 0.000
1.790 -1.255 1.185 -0.250 -0.200 0.000 -0.079 -0.016 0.000 0.000 0.000
1.778 -1.265 1.185 -0.254 -0.201 0.000 -0.072 -0.021 0.000 0.000 0.000
1.765 -1.275 1.185 -0.258 -0.203 0.000 -0.064 -0.025 0.000 0.000 0.000
1.752 -1.285 1.185 -0.261 -0.204 0.000 -0.056 -0.029 0.000 0.000 0.000
1.739 -1.296 1.185 -0.263 -0.205 0.000 -0.049 -0.033 0.000 0.000 0.000
1.726 -1.306 1.185 -0.265 -0.207 0.000 -0.041 -0.037 0.000 0.000 0.000
1.713 -1.316 1.185 -0.267 -0.209 0.000 -0.033 -0.040 0.000 0.000 0.000
1.699 -1.327 1.185 -0.269 -0.211 0.000 -0.026 -0.043 0.000 0.000 0.000
1.686 -1.337 1.185 -0.270 -0.213 0.000 -0.018 -0.046 0.000 0.000 0.000
1.672 -1.348 1.185 -0.271 -0.216 0.000 -0.011 -0.049 0.000 0.000 0.000
1.659 -1.359 1.185 -0.271 -0.218 0.000 -0.003 -0.051 0.000 0.000 0.000
1.645 -1.370 1.185 -0.271 -0.221 0.000 0.004 -0.053 0.000 0.000 0.000
1.632 -1.381 1.185 -0.271 -0.224 0.000 0.010 -0.055 0.000 0.000 0.000
1.618 -1.392 1.185 -0.270 -0.226 0.000 0.017 -0.056 0.000 0.000 0.000
1.605 -1.404 1.185 -0.269 -0.229 0.000 0.023 -0.057 0.000 0.000 0.000
1.591 -1.415 1.185 -0.268 -0.232 0.000 0.029 -0.058 0.000 0.000 0.000
1.578 -1.427 1.185 -0.266 -0.235 0.000 0.035 -0.058 0.000 0.000 0.000
1.565 -1.439 1.185 -0.264 -0.238 0.000 0.040 -0.057 0.000 0.000 0.000
1.551 -1.451 1.185 -0.262 -0.241 0.000 0.045 -0.057 0.000 0.000 0.000
1.538 -1.463 1.185 -0.260 -0.244 0.000 0.049 -0.056 0.000 0.000 0.000
1.525 -1.475 1.185 -0.257 -0.246 0.000 0.053 -0.054 0.000 0.000 0.000
1.513 -1.487 1.185 -0.254 -0.249 0.000 0.057 -0.052 0.000 0.000 0.000
1.500 -1.500 1.185 -0.251 -0.252 0.000 0.060 -0.050 0.000 0.000 0.000
1.488 -1.513 1.185 -0.248 -0.254 0.000 0.062 -0.047 0.000 0.000 0.000
1.475 -1.525 1.185 -0.245 -0.256 0.000 0.065 -0.043 0.000 0.000 0.000
1.463 -1.538 1.185 -0.242 -0.258 0.000 0.066 -0.040 0.000 0.000 0.000
1.451 -1.551 1.185 -0.239 -0.260 0.000 0.068 -0.036 0.000 0.000 0.000
1.439 -1.564 1.185 -0.235 -0.262 0.000 0.069 -0.031 0.000 0.000 0.000
1.427 -1.577 1.185 -0.232 -0.263 0.000 0.069 -0.027 0.000 0.000 0.000
1.416 -1.591 1.185 -0.228 -0.264 0.000 0.069 -0.022 0.000 0.000 0.000
1.405 -1.604 1.185 -0.225 -0.265 0.000 0.069 -0.016 0.000 0.000 0.000
1.393 -1.617 1.185 -0.221 -0.266 0.000 0.068 -0.010 0.000 0.000 0.000
1.382 -1.630 1.185 -0.218 -0.266 0.000 0.066 -0.005 0.000 0.000 0.000
1.372 -1.644 1.185 -0.215 -0.267 0.000 0.065 0.002 0.000 0.000 0.000
1.361 -1.657 1.185 -0.212 -0.266 0.000 0.063 0.008 -0.000 0.000 0.000
1.351 -1.670 1.185 -0.208 -0.266 0.000 0.060 0.015 -0.000 0.000 0.000
1.340 -1.684 1.185 -0.206 -0.265 0.000 0.057 0.022 -0.000 0.000 0.000
1.330 -1.697 1.185 -0.203 -0.264 0.000 0.054 0.028 -0.000 0.000 0.000
1.320 -1.710 1.185 -0.200 -0.262 0.000 0.051 0.036 -0.000 0.000 0.000
1.310 -1.723 1.185 -0.198 -0.260 0.000 0.047 0.043 -0.000 0.000 0.000
1.300 -1.736 1.185 -0.195 -0.258 0.000 0.043 0.050 -0.000 0.000 0.000
1.290 -1.749 1.185 -0.193 -0.255 0.000 0.039 0.057 -0.000 0.000 0.000
1.281 -1.762 1.185 -0.192 -0.252 0.000 0.034 0.064 -0.000 0.000 0.000
1.271 -1.774 1.185 -0.190 -0.249 0.000 0.029 0.071 -0.000 0.000 0.000
1.262 -1.786 1.185 -0.189 -0.245 0.000 0.024 0.078 -0.000 0.000 0.000
1.252 -1.799 1.185 -0.188 -0.241 0.000 0.019 0.085 -0.000 0.000 0.000
1.243 -1.810 1.185 -0.187 -0.236 0.000 0.014 0.092 -0.000 0.000 0.000
1.234 -1.822 1.185 -0.186 -0.232 0.000 0.009 0.098 -0.000 0.000 0.000
1.224 -1.834 1.185 -0.186 -0.227 0.000 0.004 0.105 -0.000 0.000 0.000
1.215 -1.845 1.185 -0.186 -0.221 0.000 -0.002 0.111 -0.000 0.000 0.000
1.206 -1.856 1.185 -0.186 -0.215 0.000 -0.007 0.117 -0.000 0.000 0.000
1.196 -1.866 1.185 -0.187 -0.209 0.000 -0.013 0.122 -0.000 0.000 0.000
1.187 -1.877 1.185 -0.187 -0.203 0.000 -0.018 0.128 -0.000 0.000 0.000
1.178 -1.887 1.185 -0.188 -0.197 0.000 -0.023 0.133 -0.000 0.000 0.000
1.168 -1.896 1.185 -0.190 -0.190 0.000 -0.028 0.137 -0.000 0.000 0.000
1.159 -1.906 1.185 -0.191 -0.183 0.000 -0.033 0.141 -0.000 0.000 0.000
1.149 -1.915 1.185 -0.193 -0.176 0.000 -0.038 0.145 -0.000 0.000 0.000
1.139 -1.923 1.185 -0.195 -0.168 0.000 -0.043 0.148 -0.000 0.000 0.000
1.130 -1.931 1.185 -0.197 -0.161 0.000 -0.048 0.151 -0.000 0.000 0.000
1.120 -1.939 1.185 -0.200 -0.153 0.000 -0.052 0.154 -0.000 0.000 0.000
1.110 -1.947 1.185 -0.203 -0.146 0.000 -0.056 0.156 -0.000 0.000 0.000
1.099 -1.954 1.185 -0.205 -0.138 0.000 -0.060 0.157 -0.000 0.000 0.000
1.089 -1.961 1.185 -0.209 -0.130 0.000 -0.064 0.158 -0.000 0.000 0.000
1.079 -1.967 1.185 -0.212 -0.122 -0.000 -0.067 0.158 -0.000 0.000 0.000
1.068 -1.973 1.185 -0.215 -0.114 -0.000 -0.070 0.158 -0.000 0.000 0.000
1.057 -1.978 1.185 -0.219 -0.106 -0.000 -0.073 0.157 -0.000 0.000 0.000
1.046 -1.983 1.185 -0.223 -0.098 -0.000 -0.075 0.156 -0.000 0.000 0.000
1.035 -1.988 1.185 -0.226 -0.091 -0.000 -0.078 0.154 -0.000 0.000 0.000
1.023 -1.992 1.185 -0.230 -0.083 -0.000 -0.079 0.152 -0.000 0.000 0.000
1.012 -1.996 1.185 -0.234 -0.075 -0.000 -0.081 0.149 -0.000 0.000 0.000
1.000 -2.000 1.185 -0.238 -0.068 -0.000 -0.082 0.146 -0.000 0.000 0.000
0.988 -2.003 1.185 -0.242 -0.061 -0.000 -0.083 0.142 0.000 0.000 0.000
0.976 -2.006 1.185 -0.247 -0.054 -0.000 -0.083 0.138 0.000 0.000 0.000
0.963 -2.009 1.185 -0.251 -0.047 -0.000 -0.083 0.133 0.000 0.000 0.000
0.951 -2.011 1.185 -0.255 -0.041 -0.000 -0.083 0.128 0.000 0.000 0.000
0.938 -2.013 1.185 -0.259 -0.034 -0.000 -0.082 0.123 0.000 0.000 0.000
0.925 -2.014 1.185 -0.263 -0.028 -0.000 -0.081 0.117 0.000 0.000 0.000
0.912 -2.016 1.185 -0.267 -0.023 -0.000 -0.080 0.111 0.000 0.000 0.000
0.898 -2.016 1.185 -0.271 -0.017 -0.000 -0.079 0.105 0.000 0.000 0.000
0.884 -2.017 1.185 -0.275 -0.012 -0.000 -0.077 0.098 0.000 0.000 0.000
0.871 -2.018 1.185 -0.279 -0.007 -0.000 -0.075 0.091 0.000 0.000 0.000
0.857 -2.018 1.185 -0.282 -0.003 -0.000 -0.072 0.084 0.000 0.000 0.000
0.842 -2.018 1.185 -0.286 0.001 -0.000 -0.070 0.077 0.000 0.000 0.000
0.828 -2.018 1.185 -0.289 0.005 -0.000 -0.067 0.070 0.000 0.000 0.000
0.813 -2.018 1.185 -0.293 0.008 -0.000 -0.064 0.062 0.000 0.000 0.000
0.799 -2.017 1.185 -0.296 0.011 -0.000 -0.061 0.055 0.000 0.000 0.000
0.784 -2.016 1.185 -0.299 0.014 -0.000 -0.058 0.048 0.000 0.000 0.000
0.769 -2.016 1.185 -0.302 0.016 -0.000 -0.054 0.041 0.000 0.000 0.000
0.754 -2.015 1.185 -0.304 0.018 -0.000 -0.051 0.034 0.000 0.000 0.000
0.738 -2.014 1.185 -0.307 0.019 0.000 -0.047 0.027 0.000 0.000 0.000
0.723 -2.013 1.185 -0.309 0.020 0.000 -0.044 0.020 0.000 0.000 0.000
0.707 -2.012 1.185 -0.311 0.021 0.000 -0.040 0.014 0.000 0.000 0.000
0.692 -2.011 1.185 -0.313 0.022 0.000 -0.036 0.008 0.000 0.000 0.000
0.676 -2.010 1.185 -0.315 0.022 0.000 -0.033 0.002 0.000 0.000 0.000
0.660 -2.009 1.185 -0.316 0.022 0.000 -0.029 -0.004 0.000 0.000 0.000
0.645 -2.008 1.185 -0.318 0.022 0.000 -0.025 -0.009 0.000 0.000 0.000
0.629 -2.007 1.185 -0.319 0.021 0.000 -0.022 -0.014 0.000 0.000 0.000
0.613 -2.006 1.185 -0.320 0.020 0.000 -0.018 -0.018 0.000 0.000 0.000
0.597 -2.005 1.185 -0.321 0.019 0.000 -0.015 -0.022 0.000 0.000 0.000
0.581 -2.004 1.185 -0.321 0.018 0.000 -0.012 -0.025 0.000 0.000 0.000
0.564 -2.003 1.185 -0.322 0.017 0.000 -0.009 -0.028 0.000 0.000 0.000
0.548 -2.002 1.185 -0.322 0.015 0.000 -0.006 -0.030 0.000 0.000 0.000
0.532 -2.001 1.185 -0.322 0.014 0.000 -0.003 -0.032 0.000 0.000 0.000
0.516 -2.001 1.185 -0.323 0.012 0.000 -0.000 -0.033 0.000 0.000 0.000
0.500 -2.000 1.185 -0.323 0.010 0.000 0.002 -0.034 0.000 0.000 0.000
0.484 -2.000 1.185 -0.322 0.009 0.000 0.004 -0.035 0.000 0.000 0.000
0.468 -1.999 1.185 -0.322 0.007 0.000 0.006 -0.034 0.000 0.000 0.000
0.452 -1.999 1.185 -0.322 0.005 0.000 0.008 -0.034 0.000 0.000 0.000
0.436 -1.999 1.185 -0.321 0.004 0.000 0.010 -0.033 -0.000 0.000 0.000
0.420 -1.998 1.185 -0.321 0.002 0.000 0.011 -0.031 -0.000 0.000 0.000
0.404 -1.998 1.185 -0.320 0.000 0.000 0.013 -0.029 -0.000 0.000 0.000
0.388 -1.998 1.185 -0.319 -0.001 0.000 0.014 -0.027 -0.000 0.000 0.000
0.372 -1.999 1.185 -0.319 -0.002 0.000 0.015 -0.024 -0.000 0.000 0.000
0.356 -1.999 1.185 -0.318 -0.003 0.000 0.015 -0.022 -0.000 0.000 0.000
0.340 -1.999 1.185 -0.317 -0.004 0.000 0.016 -0.018 -0.000 0.000 0.000
0.324 -1.999 1.185 -0.316 -0.005 0.000 0.016 -0.015 -0.000 0.000 0.000
0.308 -1.999 1.185 -0.316 -0.006 0.000 0.017 -0.012 -0.000 0.000 0.000
0.292 -2.000 1.185 -0.315 -0.006 0.000 0.017 -0.008 -0.000 0.000 0.000
0.277 -2.000 1.185 -0.314 -0.007 0.000 0.017 -0.004 -0.000 0.000 0.000
0.261 -2.000 1.185 -0.313 -0.007 0.000 0.017 -0.000 -0.000 0.000 0.000
0.245 -2.001 1.185 -0.312 -0.007 0.000 0.016 0.003 -0.000 0.000 0.000
0.230 -2.001 1.185 -0.311 -0.006 0.000 0.016 0.007 -0.000 0.000 0.000
0.214 -2.001 1.185 -0.311 -0.006 0.000 0.016 0.011 -0.000 0.000 0.000
0.199 -2.002 1.185 -0.310 -0.005 -0.000 0.015 0.014 -0.000 0.000 0.000
0.183 -2.002 1.185 -0.309 -0.005 -0.000 0.015 0.017 -0.000 0.000 0.000
0.168 -2.002 1.185 -0.308 -0.004 -0.000 0.014 0.020 -0.000 0.000 0.000
0.152 -2.002 1.185 -0.308 -0.003 -0.000 0.014 0.023 -0.000 0.000 0.000
0.137 -2.002 1.185 -0.307 -0.001 -0.000 0.013 0.025 -0.000 0.000 0.000
0.122 -2.002 1.185 -0.306 -0.000 -0.000 0.012 0.027 -0.000 0.000 0.000
0.106 -2.002 1.185 -0.306 0.001 -0.000 0.012 0.029 -0.000 0.000 0.000
0.091 -2.002 1.185 -0.305 0.003 -0.000 0.011 0.031 -0.000 0.000 0.000
0.076 -2.002 1.185 -0.305 0.004 -0.000 0.011 0.031 -0.000 0.000 0.000
0.061 -2.002 1.185 -0.304 0.006 -0.000 0.010 0.032 -0.000 0.000 0.000
0.045 -2.001 1.185 -0.304 0.008 -0.000 0.010 0.032 -0.000 0.000 0.000
0.030 -2.001 1.185 -0.303 0.009 -0.000 0.009 0.031 -0.000 0.000 0.000
0.015 -2.001 1.185 -0.303 0.011 -0.000 0.009 0.030 -0.000 0.000 0.000
0.000 -2.000 1.185 -0.302 0.012 -0.000 0.009 0.029 -0.000 0.000 0.000
-0.015 -1.999 1.185 -0.302 0.014 -0.000 0.008 0.027 -0.000 0.000 0.000
-0.030 -1.999 1.185 -0.301 0.015 -0.000 0.008 0.025 -0.000 0.000 0.000
-0.045 -1.998 1.185 -0.301 0.016 -0.000 0.008 0.022 -0.000 0.000 0.000
-0.060 -1.997 1.185 -0.301 0.017 -0.000 0.008 0.019 -0.000 0.000 0.000
-0.075 -1.996 1.185 -0.300 0.018 -0.000 0.008 0.015 -0.000 0.000 0.000
-0.090 -1.995 1.185 -0.300 0.018 -0.000 0.008 0.011 -0.000 0.000 0.000
-0.105 -1.994 1.185 -0.299 0.019 -0.000 0.008 0.007 -0.000 0.000 0.000
-0.120 -1.993 1.185 -0.299 0.019 -0.000 0.009 0.002 -0.000 0.000 0.000
-0.135 -1.992 1.185 -0.299 0.019 -0.000 0.009 -0.003 -0.000 0.000 0.000
-0.150 -1.991 1.185 -0.298 0.019 -0.000 0.009 -0.008 -0.000 0.000 0.000
-0.165 -1.991 1.185 -0.298 0.018 -0.000 0.009 -0.013 -0.000 0.000 0.000
-0.180 -1.990 1.185 -0.297 0.018 -0.000 0.010 -0.018 -0.000 0.000 0.000
-0.195 -1.989 1.185 -0.297 0.016 -0.000 0.010 -0.024 -0.000 0.000 0.000
-0.210 -1.988 1.185 -0.296 0.015 -0.000 0.010 -0.029 0.000 0.000 0.000
-0.224 -1.987 1.185 -0.296 0.014 -0.000 0.011 -0.034 0.000 0.000 0.000
-0.239 -1.987 1.185 -0.295 0.012 -0.000 0.011 -0.039 0.000 0.000 0.000
-0.254 -1.986 1.185 -0.294 0.010 -0.000 0.011 -0.044 0.000 0.000 0.000
-0.269 -1.986 1.185 -0.294 0.007 -0.000 0.012 -0.049 0.000 0.000 0.000
-0.283 -1.985 1.185 -0.293 0.005 -0.000 0.012 -0.053 0.000 0.000 0.000
-0.298 -1.985 1.185 -0.293 0.002 -0.000 0.012 -0.057 0.000 0.000 0.000
-0.312 -1.985 1.185 -0.292 -0.001 -0.000 0.012 -0.061 0.000 0.000 0.000
-0.327 -1.985 1.185 -0.292 -0.004 -0.000 0.012 -0.064 0.000 0.000 0.000
-0.342 -1.986 1.185 -0.291 -0.007 -0.000 0.012 -0.066 0.000 0.000 0.000
-0.356 -1.986 1.185 -0.290 -0.011 -0.000 0.012 -0.069 0.000 0.000 0.000
-0.371 -1.987 1.185 -0.290 -0.014 -0.000 0.012 -0.070 0.000 0.000 0.000
-0.385 -1.987 1.185 -0.289 -0.018 -0.000 0.011 -0.071 0.000 0.000 0.000
-0.400 -1.988 1.185 -0.289 -0.021 -0.000 0.011 -0.071 0.000 0.000 0.000
-0.414 -1.990 1.185 -0.288 -0.025 -0.000 0.010 -0.071 0.000 0.000 0.000
-0.428 -1.991 1.185 -0.288 -0.028 -0.000 0.010 -0.069 0.000 0.000 0.000
-0.443 -1.992 1.185 -0.287 -0.032 -0.000 0.009 -0.067 0.000 0.000 0.000
-0.457 -1.994 1.185 -0.287 -0.035 -0.000 0.008 -0.065 0.000 0.000 0.000
-0.471 -1.996 1.185 -0.286 -0.038 -0.000 0.007 -0.061 0.000 0.000 0.000
-0.486 -1.998 1.185 -0.286 -0.041 -0.000 0.006 -0.057 0.000 0.000 0.000
-0.500 -2.000 1.185 -0.286 -0.044 -0.000 0.005 -0.052 0.000 0.000 0.000
-0.514 -2.002 1.185 -0.285 -0.046 -0.000 0.003 -0.046 0.000 0.000 0.000
-0.529 -2.005 1.185 -0.285 -0.048 -0.000 0.002 -0.040 0.000 0.000 0.000
-0.543 -2.007 1.185 -0.285 -0.050 -0.000 0.001 -0.032 0.000 0.000 0.000
-0.557 -2.010 1.185 -0.285 -0.052 -0.000 -0.001 -0.025 0.000 0.000 0.000
-0.571 -2.012 1.185 -0.285 -0.053 0.000 -0.003 -0.016 0.000 0.000 0.000
-0.586 -2.015 1.185 -0.286 -0.053 0.000 -0.004 -0.007 0.000 0.000 0.000
-0.600 -2.018 1.185 -0.286 -0.053 0.000 -0.006 0.003 0.000 0.000 0.000
-0.614 -2.020 1.185 -0.286 -0.053 0.000 -0.008 0.013 0.000 0.000 0.000
-0.629 -2.023 1.185 -0.287 -0.052 0.000 -0.009 0.023 0.000 0.000 0.000
-0.643 -2.025 1.185 -0.287 -0.051 0.000 -0.011 0.034 0.000 0.000 0.000
-0.657 -2.028 1.185 -0.288 -0.049 0.000 -0.013 0.045 0.000 0.000 0.000
-0.672 -2.030 1.185 -0.288 -0.046 0.000 -0.014 0.057 0.000 0.000 0.000
-0.686 -2.032 1.185 -0.289 -0.043 0.000 -0.016 0.068 0.000 0.000 0.000
-0.701 -2.035 1.185 -0.290 -0.039 0.000 -0.017 0.080 0.000 0.000 0.000
-0.715 -2.036 1.185 -0.291 -0.035 0.000 -0.018 0.092 0.000 0.000 0.000
-0.730 -2.038 1.185 -0.292 -0.030 0.000 -0.019 0.103 0.000 0.000 0.000
-0.744 -2.039 1.185 -0.293 -0.025 0.000 -0.020 0.115 0.000 0.000 0.000
-0.759 -2.040 1.185 -0.294 -0.019 0.000 -0.021 0.126 0.000 0.000 0.000
-0.774 -2.041 1.185 -0.295 -0.012 0.000 -0.022 0.137 0.000 0.000 0.000
-0.788 -2.042 1.185 -0.296 -0.005 0.000 -0.022 0.147 0.000 0.000 0.000
-0.803 -2.042 1.185 -0.297 0.003 0.000 -0.022 0.157 0.000 0.000 0.000
-0.818 -2.041 1.185 -0.298 0.011 0.000 -0.022 0.167 0.000 0.000 0.000
-0.833 -2.041 1.185 -0.299 0.019 0.000 -0.021 0.175 0.000 0.000 0.000
-0.848 -2.039 1.185 -0.300 0.028 0.000 -0.021 0.184 0.000 0.000 0.000
-0.863 -2.038 1.185 -0.301 0.038 0.000 -0.020 0.191 0.000 0.000 0.000
-0.878 -2.036 1.185 -0.302 0.047 0.000 -0.019 0.198 -0.000 0.000 0.000
-0.893 -2.033 1.185 -0.303 0.057 0.000 -0.017 0.204 -0.000 0.000 0.000
-0.908 -2.030 1.185 -0.304 0.068 0.000 -0.015 0.208 -0.000 0.000 0.000
-0.924 -2.026 1.185 -0.305 0.078 0.000 -0.013 0.212 -0.000 0.000 0.000
-0.939 -2.022 1.185 -0.305 0.089 0.000 -0.010 0.215 -0.000 0.000 0.000
-0.954 -2.017 1.185 -0.306 0.100 0.000 -0.008 0.217 -0.000 0.000 0.000
-0.969 -2.012 1.185 -0.306 0.111 0.000 -0.004 0.218 -0.000 0.000 0.000
-0.985 -2.006 1.185 -0.306 0.122 0.000 -0.001 0.218 -0.000 0.000 0.000
-1.000 -2.000 1.185 -0.306 0.132 0.000 0.003 0.217 -0.000 0.000 0.000
-1.015 -1.993 1.185 -0.306 0.143 0.000 0.007 0.214 -0.000 0.000 0.000
-1.031 -1.986 1.185 -0.305 0.154 0.000 0.012 0.211 -0.000 0.000 0.000
-1.046 -1.978 1.185 -0.305 0.164 0.000 0.016 0.206 -0.000 0.000 0.000
-1.061 -1.969 1.185 -0.304 0.174 0.000 0.021 0.201 -0.000 0.000 0.000
-1.076 -1.960 1.185 -0.302 0.184 0.000 0.027 0.194 -0.000 0.000 0.000
-1.091 -1.951 1.185 -0.301 0.194 0.000 0.032 0.186 -0.000 0.000 0.000
-1.106 -1.941 1.185 -0.299 0.203 0.000 0.038 0.178 -0.000 0.000 0.000
-1.121 -1.931 1.185 -0.297 0.212 0.000 0.044 0.168 -0.000 0.000 0.000
-1.136 -1.920 1.185 -0.295 0.220 0.000 0.050 0.158 -0.000 0.000 0.000
-1.151 -1.909 1.185 -0.292 0.227 0.000 0.056 0.147 -0.000 0.000 0.000
-1.165 -1.897 1.185 -0.289 0.234 0.000 0.062 0.135 -0.000 0.000 0.000
-1.180 -1.885 1.185 -0.286 0.241 0.000 0.069 0.122 -0.000 0.000 0.000
-1.194 -1.873 1.185 -0.282 0.247 0.000 0.075 0.109 -0.000 0.000 0.000
-1.208 -1.860 1.185 -0.278 0.252 0.000 0.082 0.095 -0.000 0.000 0.000
-1.222 -1.848 1.185 -0.274 0.256 0.000 0.088 0.080 -0.000 0.000 0.000
-1.235 -1.835 1.185 -0.270 0.260 0.000 0.094 0.066 -0.000 0.000 0.000
-1.249 -1.822 1.185 -0.265 0.263 0.000 0.101 0.051 -0.000 0.000 0.000
-1.262 -1.809 1.185 -0.260 0.265 0.000 0.107 0.035 -0.000 0.000 0.000
-1.275 -1.795 1.185 -0.254 0.266 0.000 0.113 0.020 -0.000 0.000 0.000
-1.287 -1.782 1.185 -0.248 0.267 -0.000 0.119 0.004 -0.000 0.000 0.000
-1.299 -1.769 1.185 -0.242 0.267 -0.000 0.124 -0.011 -0.000 0.000 0.000
-1.311 -1.755 1.185 -0.236 0.266 -0.000 0.130 -0.027 -0.000 0.000 0.000
-1.323 -1.742 1.185 -0.229 0.264 -0.000 0.135 -0.042 -0.000 0.000 0.000
-1.334 -1.729 1.185 -0.222 0.261 -0.000 0.140 -0.057 -0.000 0.000 0.000
-1.345 -1.716 1.185 -0.215 0.258 -0.000 0.144 -0.071 -0.000 0.000 0.000
-1.356 -1.703 1.185 -0.208 0.254 -0.000 0.148 -0.086 -0.000 0.000 0.000
-1.366 -1.691 1.185 -0.200 0.250 -0.000 0.152 -0.099 -0.000 0.000 0.000
-1.376 -1.678 1.185 -0.193 0.244 -0.000 0.155 -0.112 -0.000 0.000 0.000
-1.385 -1.666 1.185 -0.185 0.238 -0.000 0.158 -0.125 -0.000 0.000 0.000
-1.394 -1.654 1.185 -0.177 0.232 -0.000 0.160 -0.136 -0.000 0.000 0.000
-1.403 -1.643 1.185 -0.169 0.225 -0.000 0.162 -0.147 -0.000 0.000 0.000
-1.411 -1.632 1.185 -0.161 0.217 -0.000 0.163 -0.157 -0.000 0.000 0.000
-1.419 -1.621 1.185 -0.153 0.209 -0.000 0.164 -0.166 -0.000 0.000 0.000
-1.426 -1.611 1.185 -0.144 0.201 -0.000 0.165 -0.174 -0.000 0.000 0.000
-1.433 -1.601 1.185 -0.136 0.192 -0.000 0.164 -0.181 -0.000 0.000 0.000
-1.440 -1.592 1.185 -0.128 0.182 -0.000 0.164 -0.187 0.000 0.000 0.000
-1.446 -1.583 1.185 -0.120 0.173 -0.000 0.162 -0.192 0.000 0.000 0.000
-1.452 -1.575 1.185 -0.112 0.163 -0.000 0.160 -0.196 0.000 0.000 0.000
-1.457 -1.567 1.185 -0.104 0.153 -0.000 0.158 -0.199 0.000 0.000 0.000
-1.462 -1.559 1.185 -0.096 0.143 -0.000 0.155 -0.200 0.000 0.000 0.000
-1.467 -1.552 1.185 -0.088 0.133 -0.000 0.151 -0.200 0.000 0.000 0.000
-1.471 -1.546 1.185 -0.081 0.123 -0.000 0.147 -0.199 0.000 0.000 0.000
-1.475 -1.540 1.185 -0.074 0.114 -0.000 0.142 -0.197 0.000 0.000 0.000
-1.479 -1.535 1.185 -0.067 0.104 -0.000 0.137 -0.194 0.000 0.000 0.000
-1.482 -1.530 1.185 -0.060 0.094 -0.000 0.131 -0.189 0.000 0.000 0.000
-1.485 -1.525 1.185 -0.054 0.085 -0.000 0.125 -0.184 0.000 0.000 0.000
-1.487 -1.521 1.185 -0.047 0.076 -0.000 0.119 -0.177 0.000 0.000 0.000
-1.489 -1.518 1.185 -0.042 0.067 -0.000 0.112 -0.169 0.000 0.000 0.000
-1.491 -1.514 1.185 -0.036 0.059 -0.000 0.105 -0.161 0.000 0.000 0.000
-1.493 -1.512 1.185 -0.031 0.051 -0.000 0.097 -0.151 0.000 0.000 0.000
-1.495 -1.509 1.185 -0.027 0.044 -0.000 0.089 -0.141 0.000 0.000 0.000
-1.496 -1.507 1.185 -0.022 0.037 -0.000 0.082 -0.130 0.000 0.000 0.000
-1.497 -1.506 1.185 -0.018 0.031 -0.000 0.074 -0.119 0.000 0.000 0.000
-1.498 -1.504 1.185 -0.015 0.025 -0.000 0.065 -0.107 0.000 0.000 0.000
-1.498 -1.503 1.185 -0.012 0.020 -0.000 0.057 -0.095 0.000 0.000 0.000
-1.499 -1.502 1.185 -0.009 0.016 -0.000 0.050 -0.083 0.000 0.000 0.000
-1.499 -1.501 1.185 -0.007 0.012 -0.000 0.042 -0.070 0.000 0.000 0.000
-1.499 -1.501 1.185 -0.005 0.009 -0.000 0.034 -0.059 0.000 0.000 0.000
-1.500 -1.501 1.185 -0.003 0.006 -0.000 0.028 -0.047 0.000 0.000 0.000
-1.500 -1.500 1.185 -0.002 0.004 -0.000 0.021 -0.036 0.000 0.000 0.000
-1.500 -1.500 1.185 -0.001 0.002 -0.000 0.015 -0.027 0.000 0.000 0.000
-1.500 -1.500 1.185 -0.001 0.001 -0.000 0.010 -0.018 0.000 0.000 0.000
-1.500 -1.500 1.185 -0.000 0.001 -0.000 0.006 -0.010 0.000 0.000 0.000
-1.500 -1.500 1.185 -0.000 0.000 -0.000 0.003 -0.005 0.000 0.000 0.000
-1.500 -1.500 1.185 -0.000 0.000 -0.000 0.001 -0.001 0.000 0.000 0.000
-1.500 -1.500 1.185 -0.000 -0.000 -0.000 -0.000 0.000 0.000 0.000 0.000
-1.500 -1.500 0.685 -0.000 -0.000 -0.000 -0.000 -0.000 -0.001 0.000 0.000
-1.500 -1.500 0.685 -0.000 -0.000 -0.000 -0.000 -0.000 -0.003 0.000 0.000
-1.500 -1.500 0.685 -0.000 -0.000 -0.000 -0.000 -0.000 -0.007 0.000 0.000
-1.500 -1.500 0.685 -0.000 -0.000 -0.001 -0.000 -0.000 -0.011 0.000 0.000
-1.500 -1.500 0.685 -0.000 -0.000 -0.002 -0.000 -0.000 -0.017 0.000 0.000
-1.500 -1.500 0.685 -0.000 -0.000 -0.003 -0.000 -0.000 -0.024 0.000 0.000
-1.500 -1.500 0.685 -0.000 -0.000 -0.004 -0.000 -0.000 -0.031 0.000 0.000
-1.500 -1.500 0.684 -0.000 -0.000 -0.006 -0.000 -0.000 -0.038 0.000 0.000
-1.500 -1.500 0.684 -0.000 -0.000 -0.008 -0.000 -0.000 -0.046 0.000 0.000
-1.500 -1.500 0.684 -0.000 -0.000 -0.010 -0.000 -0.000 -0.054 0.000 0.000
-1.500 -1.500 0.683 -0.000 -0.000 -0.013 -0.000 -0.000 -0.063 0.000 0.000
-1.500 -1.500 0.682 -0.000 -0.000 -0.016 -0.000 -0.000 -0.071 0.000 0.000
-1.500 -1.500 0.681 -0.000 -0.000 -0.020 -0.000 -0.000 -0.080 0.000 0.000
-1.500 -1.500 0.680 -0.000 -0.000 -0.024 -0.000 -0.000 -0.088 0.000 0.000
-1.500 -1.500 0.679 -0.000 -0.000 -0.029 -0.000 -0.000 -0.096 0.000 0.000
-1.500 -1.500 0.677 -0.000 -0.000 -0.034 -0.000 -0.000 -0.103 0.000 0.000
-1.500 -1.500 0.676 -0.000 -0.000 -0.039 -0.000 -0.000 -0.110 0.000 0.000
-1.500 -1.500 0.673 -0.000 -0.000 -0.045 -0.000 -0.000 -0.117 0.000 0.000
-1.500 -1.500 0.671 -0.000 -0.000 -0.051 -0.000 -0.000 -0.123 0.000 0.000
-1.500 -1.500 0.668 -0.000 -0.000 -0.057 -0.000 -0.000 -0.129 0.000 0.000
-1.500 -1.500 0.665 -0.000 -0.000 -0.064 -0.000 -0.000 -0.134 0.000 0.000
-1.500 -1.500 0.662 -0.000 -0.000 -0.071 -0.000 -0.000 -0.139 0.000 0.000
-1.500 -1.500 0.658 -0.000 -0.000 -0.078 -0.000 -0.000 -0.142 0.000 0.000
-1.500 -1.500 0.654 -0.000 -0.000 -0.085 -0.000 -0.000 -0.145 0.000 0.000
-1.500 -1.500 0.650 -0.000 -0.000 -0.092 -0.000 -0.000 -0.148 0.000 0.000
-1.500 -1.500 0.645 -0.000 -0.000 -0.100 0.000 0.000 -0.149 0.000 0.000
-1.500 -1.500 0.640 -0.000 -0.000 -0.107 0.000 0.000 -0.150 0.000 0.000
-1.500 -1.500 0.634 -0.000 -0.000 -0.115 0.000 0.000 -0.150 0.000 0.000
-1.500 -1.500 0.628 -0.000 -0.000 -0.122 0.000 0.000 -0.150 0.000 0.000
-1.500 -1.500 0.622 -0.000 -0.000 -0.130 0.000 0.000 -0.148 0.000 0.000
-1.500 -1.500 0.615 -0.000 -0.000 -0.137 0.000 0.000 -0.146 0.000 0.000
-1.500 -1.500 0.608 -0.000 -0.000 -0.144 0.000 0.000 -0.143 0.000 0.000
-1.500 -1.500 0.601 -0.000 -0.000 -0.151 0.000 0.000 -0.140 0.000 0.000
-1.500 -1.500 0.593 -0.000 -0.000 -0.158 0.000 0.000 -0.135 0.000 0.000
-1.500 -1.500 0.585 -0.000 -0.000 -0.165 0.000 0.000 -0.130 0.000 0.000
-1.500 -1.500 0.577 -0.000 -0.000 -0.171 0.000 0.000 -0.125 0.000 0.000
-1.500 -1.500 0.568 0.000 0.000 -0.177 0.000 0.000 -0.119 0.000 0.000
-1.500 -1.500 0.559 0.000 0.000 -0.183 0.000 0.000 -0.112 0.000 0.000
-1.500 -1.500 0.550 0.000 0.000 -0.189 0.000 0.000 -0.105 0.000 0.000
-1.500 -1.500 0.540 0.000 0.000 -0.194 0.000 0.000 -0.097 0.000 0.000
-1.500 -1.500 0.530 0.000 0.000 -0.198 0.000 0.000 -0.088 0.000 0.000
-1.500 -1.500 0.520 0.000 0.000 -0.202 0.000 0.000 -0.080 0.000 0.000
-1.500 -1.500 0.510 0.000 0.000 -0.206 0.000 0.000 -0.071 0.000 0.000
-1.500 -1.500 0.500 0.000 0.000 -0.209 0.000 0.000 -0.061 0.000 0.000
-1.500 -1.500 0.489 0.000 0.000 -0.212 0.000 0.000 -0.051 0.000 0.000
-1.500 -1.500 0.478 0.000 0.000 -0.215 0.000 0.000 -0.041 0.000 0.000
-1.500 -1.500 0.468 0.000 0.000 -0.216 0.000 0.000 -0.031 0.000 0.000
-1.500 -1.500 0.457 0.000 0.000 -0.218 0.000 0.000 -0.021 0.000 0.000
-1.500 -1.500 0.446 0.000 0.000 -0.218 0.000 0.000 -0.010 0.000 0.000
-1.500 -1.500 0.435 0.000 0.000 -0.219 0.000 0.000 0.000 0.000 0.000
-1.500 -1.500 0.424 0.000 0.000 -0.218 0.000 0.000 0.010 0.000 0.000
-1.500 -1.500 0.413 0.000 0.000 -0.218 0.000 0.000 0.021 0.000 0.000
-1.500 -1.500 0.402 0.000 0.000 -0.216 0.000 0.000 0.031 0.000 0.000
-1.500 -1.500 0.392 0.000 0.000 -0.215 0.000 0.000 0.041 0.000 0.000
-1.500 -1.500 0.381 0.000 0.000 -0.212 0.000 0.000 0.051 0.000 0.000
-1.500 -1.500 0.370 0.000 0.000 -0.209 0.000 0.000 0.061 0.000 0.000
-1.500 -1.500 0.360 0.000 0.000 -0.206 0.000 0.000 0.071 0.000 0.000
-1.500 -1.500 0.350 0.000 0.000 -0.202 0.000 0.000 0.080 0.000 0.000
-1.500 -1.500 0.340 0.000 0.000 -0.198 0.000 0.000 0.088 0.000 0.000
-1.500 -1.500 0.330 0.000 0.000 -0.194 0.000 0.000 0.097 0.000 0.000
-1.500 -1.500 0.320 0.000 0.000 -0.189 0.000 0.000 0.105 0.000 0.000
-1.500 -1.500 0.311 0.000 0.000 -0.183 0.000 0.000 0.112 0.000 0.000
-1.500 -1.500 0.302 0.000 0.000 -0.177 0.000 0.000 0.119 0.000 0.000
-1.500 -1.500 0.293 0.000 0.000 -0.171 0.000 0.000 0.125 0.000 0.000
-1.500 -1.500 0.285 0.000 0.000 -0.165 -0.000 -0.000 0.130 0.000 0.000
-1.500 -1.500 0.277 0.000 0.000 -0.158 -0.000 -0.000 0.135 0.000 0.000
-1.500 -1.500 0.269 0.000 0.000 -0.151 -0.000 -0.000 0.140 0.000 0.000
-1.500 -1.500 0.262 0.000 0.000 -0.144 -0.000 -0.000 0.143 0.000 0.000
-1.500 -1.500 0.255 0.000 0.000 -0.137 -0.000 -0.000 0.146 0.000 0.000
-1.500 -1.500 0.248 0.000 0.000 -0.130 -0.000 -0.000 0.148 0.000 0.000
-1.500 -1.500 0.242 0.000 0.000 -0.122 -0.000 -0.000 0.150 0.000 0.000
-1.500 -1.500 0.236 0.000 0.000 -0.115 -0.000 -0.000 0.150 0.000 0.000
-1.500 -1.500 0.230 0.000 0.000 -0.107 -0.000 -0.000 0.150 0.000 0.000
-1.500 -1.500 0.225 0.000 0.000 -0.100 -0.000 -0.000 0.149 0.000 0.000
-1.500 -1.500 0.220 0.000 0.000 -0.092 -0.000 -0.000 0.148 0.000 0.000
-1.500 -1.500 0.216 0.000 0.000 -0.085 -0.000 -0.000 0.145 0.000 0.000
-1.500 -1.500 0.212 0.000 0.000 -0.078 -0.000 -0.000 0.142 0.000 0.000
-1.500 -1.500 0.208 0.000 0.000 -0.071 -0.000 -0.000 0.139 0.000 0.000
-1.500 -1.500 0.205 0.000 0.000 -0.064 -0.000 -0.000 0.134 0.000 0.000
-1.500 -1.500 0.202 0.000 0.000 -0.057 -0.000 -0.000 0.129 0.000 0.000
-1.500 -1.500 0.199 -0.000 -0.000 -0.051 -0.000 -0.000 0.123 0.000 0.000
-1.500 -1.500 0.197 -0.000 -0.000 -0.045 -0.000 -0.000 0.117 0.000 0.000
-1.500 -1.500 0.194 -0.000 -0.000 -0.039 -0.000 -0.000 0.110 0.000 0.000
-1.500 -1.500 0.193 -0.000 -0.000 -0.034 -0.000 -0.000 0.103 0.000 0.000
-1.500 -1.500 0.191 -0.000 -0.000 -0.029 -0.000 -0.000 0.096 0.000 0.000
-1.500 -1.500 0.190 -0.000 -0.000 -0.024 -0.000 -0.000 0.088 0.000 0.000
-1.500 -1.500 0.189 -0.000 -0.000 -0.020 -0.000 -0.000 0.080 0.000 0.000
-1.500 -1.500 0.188 -0.000 -0.000 -0.016 -0.000 -0.000 0.071 0.000 0.000
-1.500 -1.500 0.187 -0.000 -0.000 -0.013 -0.000 -0.000 0.063 0.000 0.000
-1.500 -1.500 0.186 -0.000 -0.000 -0.010 -0.000 -0.000 0.054 0.000 0.000
-1.500 -1.500 0.186 -0.000 -0.000 -0.008 -0.000 -0.000 0.046 0.000 0.000
-1.500 -1.500 0.186 -0.000 -0.000 -0.006 -0.000 -0.000 0.038 0.000 0.000
-1.500 -1.500 0.185 -0.000 -0.000 -0.004 -0.000 -0.000 0.031 0.000 0.000
-1.500 -1.500 0.185 -0.000 -0.000 -0.003 -0.000 -0.000 0.024 0.000 0.000
-1.500 -1.500 0.185 -0.000 -0.000 -0.002 -0.000 -0.000 0.017 0.000 0.000
-1.500 -1.500 0.185 -0.000 -0.000 -0.001 -0.000 -0.000 0.011 0.000 0.000
-1.500 -1.500 0.185 -0.000 -0.000 -0.000 -0.000 -0.000 0.007 0.000 0.000
-1.500 -1.500 0.185 -0.000 -0.000 -0.000 -0.000 -0.000 0.003 0.000 0.000
-1.500 -1.500 0.185 -0.000 -0.000 -0.000 -0.000 -0.000 0.001 0.000 0.000
-1.500 -1.500 0.185 -0.000 -0.000 -0.000 -0.000 -0.000 -0.000 0.000 0.000
