-1.500 1.500 0.185 -0.000 0.000 0.000 0.000 -0.000 0.002 0.000 0.000
-1.500 1.500 0.185 -0.000 0.000 0.000 0.000 -0.000 0.006 0.000 0.000
-1.500 1.500 0.185 -0.000 0.000 0.001 0.000 -0.000 0.013 0.000 0.000
-1.500 1.500 0.185 -0.000 0.000 0.002 0.000 -0.000 0.023 0.000 0.000
-1.500 1.500 0.185 -0.000 0.000 0.003 0.000 -0.000 0.034 0.000 0.000
-1.500 1.500 0.185 -0.000 0.000 0.005 0.000 -0.000 0.047 0.000 0.000
-1.500 1.500 0.186 -0.000 0.000 0.008 0.000 -0.000 0.061 0.000 0.000
-1.500 1.500 0.186 -0.000 0.000 0.011 0.000 -0.000 0.076 0.000 0.000
-1.500 1.500 0.187 -0.000 0.000 0.015 0.000 -0.000 0.092 0.000 0.000
-1.500 1.500 0.188 -0.000 0.000 0.020 0.000 -0.000 0.109 0.000 0.000
-1.500 1.500 0.189 -0.000 0.000 0.026 0.000 -0.000 0.126 0.000 0.000
-1.500 1.500 0.190 -0.000 0.000 0.033 0.000 -0.000 0.142 0.000 0.000
-1.500 1.500 0.192 0.000 -0.000 0.041 0.000 -0.000 0.159 0.000 0.000
-1.500 1.500 0.194 0.000 -0.000 0.049 0.000 -0.000 0.175 0.000 0.000
-1.500 1.500 0.197 0.000 -0.000 0.058 0.000 -0.000 0.191 0.000 0.000
-1.500 1.500 0.200 0.000 -0.000 0.068 0.000 -0.000 0.206 0.000 0.000
-1.500 1.500 0.204 0.000 -0.000 0.079 0.000 -0.000 0.221 0.000 0.000
-1.500 1.500 0.208 0.000 -0.000 0.090 0.000 -0.000 0.234 0.000 0.000
-1.500 1.500 0.213 0.000 -0.000 0.102 0.000 -0.000 0.247 0.000 0.000
-1.500 1.500 0.218 0.000 -0.000 0.115 0.000 -0.000 0.258 0.000 0.000
-1.500 1.500 0.224 0.000 -0.000 0.128 0.000 -0.000 0.268 0.000 0.000
-1.500 1.500 0.231 0.000 -0.000 0.141 0.000 -0.000 0.277 0.000 0.000
-1.500 1.500 0.239 0.000 -0.000 0.156 0.000 -0.000 0.285 0.000 0.000
-1.500 1.500 0.247 0.000 -0.000 0.170 0.000 -0.000 0.291 0.000 0.000
-1.500 1.500 0.256 0.000 -0.000 0.185 0.000 -0.000 0.295 0.000 0.000
-1.500 1.500 0.265 0.000 -0.000 0.199 0.000 -0.000 0.299 0.000 0.000
-1.500 1.500 0.276 0.000 -0.000 0.214 0.000 -0.000 0.300 0.000 0.000
-1.500 1.500 0.287 0.000 -0.000 0.229 0.000 -0.000 0.300 0.000 0.000
-1.500 1.500 0.298 0.000 -0.000 0.244 0.000 -0.000 0.299 0.000 0.000
-1.500 1.500 0.311 0.000 -0.000 0.259 0.000 -0.000 0.296 0.000 0.000
-1.500 1.500 0.324 0.000 -0.000 0.274 0.000 -0.000 0.292 0.000 0.000
-1.500 1.500 0.338 0.000 -0.000 0.288 0.000 -0.000 0.286 0.000 0.000
-1.500 1.500 0.353 0.000 -0.000 0.303 0.000 -0.000 0.279 0.000 0.000
-1.500 1.500 0.369 0.000 -0.000 0.316 0.000 -0.000 0.271 0.000 0.000
-1.500 1.500 0.385 0.000 -0.000 0.330 -0.000 0.000 0.261 0.000 0.000
-1.500 1.500 0.402 0.000 -0.000 0.342 -0.000 0.000 0.250 0.000 0.000
-1.500 1.500 0.419 0.000 -0.000 0.355 -0.000 0.000 0.237 0.000 0.000
-1.500 1.500 0.437 0.000 -0.000 0.366 -0.000 0.000 0.224 0.000 0.000
-1.500 1.500 0.456 0.000 -0.000 0.377 -0.000 0.000 0.209 0.000 0.000
-1.500 1.500 0.475 0.000 -0.000 0.387 -0.000 0.000 0.194 0.000 0.000
-1.500 1.500 0.494 0.000 -0.000 0.396 -0.000 0.000 0.177 0.000 0.000
-1.500 1.500 0.514 0.000 -0.000 0.405 -0.000 0.000 0.160 0.000 0.000
-1.500 1.500 0.535 0.000 -0.000 0.412 -0.000 0.000 0.141 0.000 0.000
-1.500 1.500 0.556 0.000 -0.000 0.419 -0.000 0.000 0.122 0.000 0.000
-1.500 1.500 0.577 0.000 -0.000 0.425 -0.000 0.000 0.103 0.000 0.000
-1.500 1.500 0.598 0.000 -0.000 0.429 -0.000 0.000 0.083 0.000 0.000
-1.500 1.500 0.620 0.000 -0.000 0.433 -0.000 0.000 0.063 0.000 0.000
-1.500 1.500 0.641 0.000 -0.000 0.435 -0.000 0.000 0.042 0.000 0.000
-1.500 1.500 0.663 0.000 -0.000 0.437 -0.000 0.000 0.021 0.000 0.000
-1.500 1.500 0.685 0.000 -0.000 0.438 -0.000 0.000 0.000 0.000 0.000
-1.500 1.500 0.707 0.000 -0.000 0.437 0.000 -0.000 -0.021 0.000 0.000
-1.500 1.500 0.729 0.000 -0.000 0.435 0.000 -0.000 -0.042 0.000 0.000
-1.500 1.500 0.750 0.000 -0.000 0.433 0.000 -0.000 -0.063 0.000 0.000
-1.500 1.500 0.772 0.000 -0.000 0.429 0.000 -0.000 -0.083 0.000 0.000
-1.500 1.500 0.793 0.000 -0.000 0.425 0.000 -0.000 -0.103 0.000 0.000
-1.500 1.500 0.814 0.000 -0.000 0.419 0.000 -0.000 -0.122 0.000 0.000
-1.500 1.500 0.835 0.000 -0.000 0.412 0.000 -0.000 -0.141 0.000 0.000
-1.500 1.500 0.856 0.000 -0.000 0.405 0.000 -0.000 -0.160 0.000 0.000
-1.500 1.500 0.876 0.000 -0.000 0.396 -0.000 0.000 -0.177 0.000 0.000
-1.500 1.500 0.895 0.000 -0.000 0.387 -0.000 0.000 -0.194 0.000 0.000
-1.500 1.500 0.914 0.000 -0.000 0.377 -0.000 0.000 -0.209 0.000 0.000
-1.500 1.500 0.933 0.000 -0.000 0.366 -0.000 0.000 -0.224 0.000 0.000
-1.500 1.500 0.951 0.000 -0.000 0.355 -0.000 0.000 -0.237 0.000 0.000
-1.500 1.500 0.968 0.000 -0.000 0.342 -0.000 0.000 -0.250 0.000 0.000
-1.500 1.500 0.985 0.000 -0.000 0.330 -0.000 0.000 -0.261 0.000 0.000
-1.500 1.500 1.001 0.000 -0.000 0.316 -0.000 0.000 -0.271 0.000 0.000
-1.500 1.500 1.017 0.000 -0.000 0.303 -0.000 0.000 -0.279 0.000 0.000
-1.500 1.500 1.032 0.000 -0.000 0.288 -0.000 0.000 -0.286 0.000 0.000
-1.500 1.500 1.046 0.000 -0.000 0.274 -0.000 0.000 -0.292 0.000 0.000
-1.500 1.500 1.059 0.000 -0.000 0.259 -0.000 0.000 -0.296 0.000 0.000
-1.500 1.500 1.072 0.000 -0.000 0.244 -0.000 0.000 -0.299 0.000 0.000
-1.500 1.500 1.083 0.000 -0.000 0.229 -0.000 0.000 -0.300 0.000 0.000
-1.500 1.500 1.094 0.000 -0.000 0.214 -0.000 0.000 -0.300 0.000 0.000
-1.500 1.500 1.105 0.000 -0.000 0.199 -0.000 0.000 -0.299 0.000 0.000
-1.500 1.500 1.114 0.000 -0.000 0.185 -0.000 0.000 -0.295 0.000 0.000
-1.500 1.500 1.123 0.000 -0.000 0.170 -0.000 0.000 -0.291 0.000 0.000
-1.500 1.500 1.131 0.000 -0.000 0.156 -0.000 0.000 -0.285 0.000 0.000
-1.500 1.500 1.139 0.000 -0.000 0.141 -0.000 0.000 -0.277 0.000 0.000
-1.500 1.500 1.146 0.000 -0.000 0.128 -0.000 0.000 -0.268 0.000 0.000
-1.500 1.500 1.152 0.000 -0.000 0.115 -0.000 0.000 -0.258 0.000 0.000
-1.500 1.500 1.157 0.000 -0.000 0.102 -0.000 0.000 -0.247 0.000 0.000
-1.500 1.500 1.162 -0.000 0.000 0.090 -0.000 0.000 -0.234 0.000 0.000
-1.500 1.500 1.166 -0.000 0.000 0.079 -0.000 0.000 -0.221 0.000 0.000
-1.500 1.500 1.170 -0.000 0.000 0.068 -0.000 0.000 -0.206 0.000 0.000
-1.500 1.500 1.173 -0.000 0.000 0.058 -0.000 0.000 -0.191 0.000 0.000
-1.500 1.500 1.176 -0.000 0.000 0.049 -0.000 0.000 -0.175 0.000 0.000
-1.500 1.500 1.178 -0.000 0.000 0.041 -0.000 0.000 -0.159 0.000 0.000
-1.500 1.500 1.180 -0.000 0.000 0.033 -0.000 0.000 -0.142 0.000 0.000
-1.500 1.500 1.181 -0.000 0.000 0.026 -0.000 0.000 -0.126 0.000 0.000
-1.500 1.500 1.182 -0.000 0.000 0.020 -0.000 0.000 -0.109 0.000 0.000
-1.500 1.500 1.183 -0.000 0.000 0.015 -0.000 0.000 -0.092 0.000 0.000
-1.500 1.500 1.184 -0.000 0.000 0.011 -0.000 0.000 -0.076 0.000 0.000
-1.500 1.500 1.184 -0.000 0.000 0.008 -0.000 0.000 -0.061 0.000 0.000
-1.500 1.500 1.185 -0.000 0.000 0.005 -0.000 0.000 -0.047 0.000 0.000
-1.500 1.500 1.185 -0.000 0.000 0.003 -0.000 0.000 -0.034 0.000 0.000
-1.500 1.500 1.185 -0.000 0.000 0.002 -0.000 0.000 -0.023 0.000 0.000
-1.500 1.500 1.185 -0.000 0.000 0.001 -0.000 0.000 -0.013 0.000 0.000
-1.500 1.500 1.185 -0.000 0.000 0.000 -0.000 0.000 -0.006 0.000 0.000
-1.500 1.500 1.185 -0.000 0.000 0.000 -0.000 0.000 -0.002 0.000 0.000
-1.500 1.500 1.185 -0.000 0.000 -0.000 0.000 -0.000 -0.000 0.000 0.000
-1.500 1.500 1.185 0.000 0.000 0.000 0.000 0.000 0.000 0.000 0.000
-1.500 1.500 1.185 0.000 0.000 0.000 0.000 0.000 0.000 0.000 0.000
-1.500 1.500 1.185 0.000 0.000 0.000 0.000 0.000 0.000 0.000 0.000
-1.500 1.500 1.185 0.000 0.000 0.000 0.000 0.000 0.000 0.000 0.000
-1.500 1.500 1.185 0.000 0.000 0.000 0.000 0.000 0.000 0.000 0.000
-1.500 1.500 1.185 0.000 0.000 0.000 0.000 0.000 0.000 0.000 0.000
-1.500 1.500 1.185 0.000 0.000 0.000 0.000 0.000 0.000 0.000 0.000
-1.500 1.500 1.185 0.000 0.000 0.000 0.000 0.000 0.000 0.000 0.000
-1.500 1.500 1.185 0.000 0.000 0.000 0.000 0.000 0.000 0.000 0.000
-1.500 1.500 1.185 0.000 0.000 0.000 0.000 0.000 0.000 0.000 0.000
-1.500 1.500 1.185 0.000 0.000 0.000 0.000 0.000 0.000 0.000 0.000
-1.500 1.500 1.185 0.000 0.000 0.000 0.000 0.000 0.000 0.000 0.000
-1.500 1.500 1.185 0.000 0.000 0.000 0.000 0.000 0.000 0.000 0.000
-1.500 1.500 1.185 0.000 0.000 0.000 0.000 0.000 0.000 0.000 0.000
-1.500 1.500 1.185 0.000 0.000 0.000 0.000 0.000 0.000 0.000 0.000
-1.500 1.500 1.185 0.000 0.000 0.000 0.000 0.000 0.000 0.000 0.000
-1.500 1.500 1.185 0.000 0.000 0.000 0.000 0.000 0.000 0.000 0.000
-1.500 1.500 1.185 0.000 0.000 0.000 0.000 0.000 0.000 0.000 0.000
-1.500 1.500 1.185 0.000 0.000 0.000 0.000 0.000 0.000 0.000 0.000
-1.500 1.500 1.185 0.000 0.000 0.000 0.000 0.000 0.000 0.000 0.000
-1.500 1.500 1.185 0.000 0.000 0.000 0.000 0.000 0.000 0.000 0.000
-1.500 1.500 1.185 0.000 0.000 0.000 0.000 0.000 0.000 0.000 0.000
-1.500 1.500 1.185 0.000 0.000 0.000 0.000 0.000 0.000 0.000 0.000
-1.500 1.500 1.185 0.000 0.000 0.000 0.000 0.000 0.000 0.000 0.000
-1.500 1.500 1.185 0.000 0.000 0.000 0.000 0.000 0.000 0.000 0.000
-1.500 1.500 1.185 0.000 0.000 0.000 0.000 0.000 0.000 0.000 0.000
-1.500 1.500 1.185 0.000 0.000 0.000 0.000 0.000 0.000 0.000 0.000
-1.500 1.500 1.185 0.000 0.000 0.000 0.000 0.000 0.000 0.000 0.000
-1.500 1.500 1.185 0.000 0.000 0.000 0.000 0.000 0.000 0.000 0.000
-1.500 1.500 1.185 0.000 0.000 0.000 0.000 0.000 0.000 0.000 0.000
-1.500 1.500 1.185 0.000 0.000 0.000 0.000 0.000 0.000 0.000 0.000
-1.500 1.500 1.185 0.000 0.000 0.000 0.000 0.000 0.000 0.000 0.000
-1.500 1.500 1.185 0.000 0.000 0.000 0.000 0.000 0.000 0.000 0.000
-1.500 1.500 1.185 0.000 0.000 0.000 0.000 0.000 0.000 0.000 0.000
-1.500 1.500 1.185 0.000 0.000 0.000 0.000 0.000 0.000 0.000 0.000
-1.500 1.500 1.185 0.000 0.000 0.000 0.000 0.000 0.000 0.000 0.000
-1.500 1.500 1.185 0.000 0.000 0.000 0.000 0.000 0.000 0.000 0.000
-1.500 1.500 1.185 0.000 0.000 0.000 0.000 0.000 0.000 0.000 0.000
-1.500 1.500 1.185 0.000 0.000 0.000 0.000 0.000 0.000 0.000 0.000
-1.500 1.500 1.185 0.000 0.000 0.000 0.000 0.000 0.000 0.000 0.000
-1.500 1.500 1.185 0.000 0.000 0.000 0.000 0.000 0.000 0.000 0.000
-1.500 1.500 1.185 0.000 0.000 0.000 0.000 0.000 0.000 0.000 0.000
-1.500 1.500 1.185 0.000 0.000 0.000 0.000 0.000 0.000 0.000 0.000
-1.500 1.500 1.185 0.000 0.000 0.000 0.000 0.000 0.000 0.000 0.000
-1.500 1.500 1.185 0.000 0.000 0.000 0.000 0.000 0.000 0.000 0.000
-1.500 1.500 1.185 0.000 0.000 0.000 0.000 0.000 0.000 0.000 0.000
-1.500 1.500 1.185 0.000 0.000 0.000 0.000 0.000 0.000 0.000 0.000
-1.500 1.500 1.185 0.000 0.000 0.000 0.000 0.000 0.000 0.000 0.000
-1.500 1.500 1.185 0.000 0.000 0.000 0.000 0.000 0.000 0.000 0.000
-1.500 1.500 1.185 0.000 0.000 0.000 0.000 0.000 0.000 0.000 0.000
-1.500 1.500 1.185 0.000 0.000 0.000 0.000 0.000 0.000 0.000 0.000
-1.500 1.500 1.185 0.000 0.000 0.000 0.000 0.000 0.000 0.000 0.000
-1.500 1.500 1.185 0.000 0.000 0.000 0.000 0.000 0.000 0.000 0.000
-1.500 1.500 1.185 0.000 0.000 0.000 0.000 0.000 0.000 0.000 0.000
-1.500 1.500 1.185 0.000 0.000 0.000 0.000 0.000 0.000 0.000 0.000
-1.500 1.500 1.185 0.000 0.000 0.000 0.000 0.000 0.000 0.000 0.000
-1.500 1.500 1.185 0.000 0.000 0.000 0.000 0.000 0.000 0.000 0.000
-1.500 1.500 1.185 0.000 0.000 0.000 0.000 0.000 0.000 0.000 0.000
-1.500 1.500 1.185 0.000 0.000 0.000 0.000 0.000 0.000 0.000 0.000
-1.500 1.500 1.185 0.000 0.000 0.000 0.000 0.000 0.000 0.000 0.000
-1.500 1.500 1.185 0.000 0.000 0.000 0.000 0.000 0.000 0.000 0.000
-1.500 1.500 1.185 0.000 0.000 0.000 0.000 0.000 0.000 0.000 0.000
-1.500 1.500 1.185 0.000 0.000 0.000 0.000 0.000 0.000 0.000 0.000
-1.500 1.500 1.185 0.000 0.000 0.000 0.000 0.000 0.000 0.000 0.000
-1.500 1.500 1.185 0.000 0.000 0.000 0.000 0.000 0.000 0.000 0.000
-1.500 1.500 1.185 0.000 0.000 0.000 0.000 0.000 0.000 0.000 0.000
-1.500 1.500 1.185 0.000 0.000 0.000 0.000 0.000 0.000 0.000 0.000
-1.500 1.500 1.185 0.000 0.000 0.000 0.000 0.000 0.000 0.000 0.000
-1.500 1.500 1.185 0.000 0.000 0.000 0.000 0.000 0.000 0.000 0.000
-1.500 1.500 1.185 0.000 0.000 0.000 0.000 0.000 0.000 0.000 0.000
-1.500 1.500 1.185 0.000 0.000 0.000 0.000 0.000 0.000 0.000 0.000
-1.500 1.500 1.185 0.000 0.000 0.000 0.000 0.000 0.000 0.000 0.000
-1.500 1.500 1.185 0.000 0.000 0.000 0.000 0.000 0.000 0.000 0.000
-1.500 1.500 1.185 0.000 0.000 0.000 0.000 0.000 0.000 0.000 0.000
-1.500 1.500 1.185 0.000 0.000 0.000 0.000 0.000 0.000 0.000 0.000
-1.500 1.500 1.185 0.000 0.000 0.000 0.000 0.000 0.000 0.000 0.000
-1.500 1.500 1.185 0.000 0.000 0.000 0.000 0.000 0.000 0.000 0.000
-1.500 1.500 1.185 0.000 0.000 0.000 0.000 0.000 0.000 0.000 0.000
-1.500 1.500 1.185 0.000 0.000 0.000 0.000 0.000 0.000 0.000 0.000
-1.500 1.500 1.185 0.000 0.000 0.000 0.000 0.000 0.000 0.000 0.000
-1.500 1.500 1.185 0.000 0.000 0.000 0.000 0.000 0.000 0.000 0.000
-1.500 1.500 1.185 0.000 0.000 0.000 0.000 0.000 0.000 0.000 0.000
-1.500 1.500 1.185 0.000 0.000 0.000 0.000 0.000 0.000 0.000 0.000
-1.500 1.500 1.185 0.000 0.000 0.000 0.000 0.000 0.000 0.000 0.000
-1.500 1.500 1.185 0.000 0.000 0.000 0.000 0.000 0.000 0.000 0.000
-1.500 1.500 1.185 0.000 0.000 0.000 0.000 0.000 0.000 0.000 0.000
-1.500 1.500 1.185 0.000 0.000 0.000 0.000 0.000 0.000 0.000 0.000
-1.500 1.500 1.185 0.000 0.000 0.000 0.000 0.000 0.000 0.000 0.000
-1.500 1.500 1.185 0.000 0.000 0.000 0.000 0.000 0.000 0.000 0.000
-1.500 1.500 1.185 0.000 0.000 0.000 0.000 0.000 0.000 0.000 0.000
-1.500 1.500 1.185 0.000 0.000 0.000 0.000 0.000 0.000 0.000 0.000
-1.500 1.500 1.185 0.000 0.000 0.000 0.000 0.000 0.000 0.000 0.000
-1.500 1.500 1.185 0.000 0.000 0.000 0.000 0.000 0.000 0.000 0.000
-1.500 1.500 1.185 0.000 0.000 0.000 0.000 0.000 0.000 0.000 0.000
-1.500 1.500 1.185 0.000 0.000 0.000 0.000 0.000 0.000 0.000 0.000
-1.500 1.500 1.185 0.000 0.000 0.000 0.000 0.000 0.000 0.000 0.000
-1.500 1.500 1.185 0.000 0.000 0.000 0.000 0.000 0.000 0.000 0.000
-1.500 1.500 1.185 0.000 0.000 0.000 0.000 0.000 0.000 0.000 0.000
-1.500 1.500 1.185 0.000 0.000 0.000 0.000 0.000 0.000 0.000 0.000
-1.500 1.500 1.185 0.000 0.000 0.000 0.000 0.000 0.000 0.000 0.000
-1.500 1.500 1.185 0.000 0.000 0.000 0.000 0.000 0.000 0.000 0.000
-1.500 1.500 1.185 0.000 0.000 0.000 0.000 0.000 0.000 0.000 0.000
-1.500 1.500 1.185 0.000 0.000 0.000 0.000 0.000 0.000 0.000 0.000
-1.500 1.500 1.185 0.000 0.000 0.000 0.000 0.000 0.000 0.000 0.000
-1.500 1.500 1.185 0.000 0.000 0.000 0.000 0.000 0.000 0.000 0.000
-1.500 1.500 1.185 0.000 0.000 0.000 0.000 0.000 0.000 0.000 0.000
-1.500 1.500 1.185 0.000 0.000 0.000 0.000 0.000 0.000 0.000 0.000
-1.500 1.500 1.185 0.000 0.000 0.000 0.000 0.000 0.000 0.000 0.000
-1.500 1.500 1.185 0.000 0.000 0.000 0.000 0.000 0.000 0.000 0.000
-1.500 1.500 1.185 0.000 0.000 0.000 0.000 0.000 0.000 0.000 0.000
-1.500 1.500 1.185 0.000 0.000 0.000 0.000 0.000 0.000 0.000 0.000
-1.500 1.500 1.185 0.000 0.000 0.000 0.000 0.000 0.000 0.000 0.000
-1.500 1.500 1.185 0.000 0.000 0.000 0.000 0.000 0.000 0.000 0.000
-1.500 1.500 1.185 0.000 0.000 0.000 0.000 0.000 0.000 0.000 0.000
-1.500 1.500 1.185 0.000 0.000 0.000 0.000 0.000 0.000 0.000 0.000
-1.500 1.500 1.185 0.000 0.000 0.000 0.000 0.000 0.000 0.000 0.000
-1.500 1.500 1.185 0.000 0.000 0.000 0.000 0.000 0.000 0.000 0.000
-1.500 1.500 1.185 0.000 0.000 0.000 0.000 0.000 0.000 0.000 0.000
-1.500 1.500 1.185 0.000 0.000 0.000 0.000 0.000 0.000 0.000 0.000
-1.500 1.500 1.185 0.000 0.000 0.000 0.000 0.000 0.000 0.000 0.000
-1.500 1.500 1.185 0.000 0.000 0.000 0.000 0.000 0.000 0.000 0.000
-1.500 1.500 1.185 0.000 0.000 0.000 0.000 0.000 0.000 0.000 0.000
-1.500 1.500 1.185 0.000 0.000 0.000 0.000 0.000 0.000 0.000 0.000
-1.500 1.500 1.185 0.000 0.000 0.000 0.000 0.000 0.000 0.000 0.000
-1.500 1.500 1.185 0.000 0.000 0.000 0.000 0.000 0.000 0.000 0.000
-1.500 1.500 1.185 0.000 0.000 0.000 0.000 0.000 0.000 0.000 0.000
-1.500 1.500 1.185 0.000 0.000 0.000 0.000 0.000 0.000 0.000 0.000
-1.500 1.500 1.185 0.000 0.000 0.000 0.000 0.000 0.000 0.000 0.000
-1.500 1.500 1.185 0.000 0.000 0.000 0.000 0.000 0.000 0.000 0.000
-1.500 1.500 1.185 0.000 0.000 0.000 0.000 0.000 0.000 0.000 0.000
-1.500 1.500 1.185 0.000 0.000 0.000 0.000 0.000 0.000 0.000 0.000
-1.500 1.500 1.185 0.000 0.000 0.000 0.000 0.000 0.000 0.000 0.000
-1.500 1.500 1.185 0.000 0.000 0.000 0.000 0.000 0.000 0.000 0.000
-1.500 1.500 1.185 0.000 0.000 0.000 0.000 0.000 0.000 0.000 0.000
-1.500 1.500 1.185 0.000 0.000 0.000 0.000 0.000 0.000 0.000 0.000
-1.500 1.500 1.185 0.000 0.000 0.000 0.000 0.000 0.000 0.000 0.000
-1.500 1.500 1.185 0.000 0.000 0.000 0.000 0.000 0.000 0.000 0.000
-1.500 1.500 1.185 0.000 0.000 0.000 0.000 0.000 0.000 0.000 0.000
-1.500 1.500 1.185 0.000 0.000 0.000 0.000 0.000 0.000 0.000 0.000
-1.500 1.500 1.185 0.000 0.000 0.000 0.000 0.000 0.000 0.000 0.000
-1.500 1.500 1.185 0.000 0.000 0.000 0.000 0.000 0.000 0.000 0.000
-1.500 1.500 1.185 0.000 0.000 0.000 0.000 0.000 0.000 0.000 0.000
-1.500 1.500 1.185 0.000 0.000 0.000 0.000 0.000 0.000 0.000 0.000
-1.500 1.500 1.185 0.000 0.000 0.000 0.000 0.000 0.000 0.000 0.000
-1.500 1.500 1.185 0.000 0.000 0.000 0.000 0.000 0.000 0.000 0.000
-1.500 1.500 1.185 0.000 0.000 0.000 0.000 0.000 0.000 0.000 0.000
-1.500 1.500 1.185 0.000 0.000 0.000 0.000 0.000 0.000 0.000 0.000
-1.500 1.500 1.185 0.000 0.000 0.000 0.000 0.000 0.000 0.000 0.000
-1.500 1.500 1.185 0.000 0.000 0.000 0.000 0.000 0.000 0.000 0.000
-1.500 1.500 1.185 0.000 0.000 0.000 0.000 0.000 0.000 0.000 0.000
-1.500 1.500 1.185 0.000 0.000 0.000 0.000 0.000 0.000 0.000 0.000
-1.500 1.500 1.185 0.000 0.000 0.000 0.000 0.000 0.000 0.000 0.000
-1.500 1.500 1.185 0.000 0.000 0.000 0.000 0.000 0.000 0.000 0.000
-1.500 1.500 1.185 0.000 0.000 0.000 0.000 0.000 0.000 0.000 0.000
-1.500 1.500 1.185 0.000 0.000 0.000 0.000 0.000 0.000 0.000 0.000
-1.500 1.500 1.185 0.000 0.000 0.000 0.000 0.000 0.000 0.000 0.000
-1.500 1.500 1.185 0.000 0.000 0.000 0.000 0.000 0.000 0.000 0.000
-1.500 1.500 1.185 0.000 0.000 0.000 0.000 0.000 0.000 0.000 0.000
-1.500 1.500 1.185 0.000 0.000 0.000 0.000 0.000 0.000 0.000 0.000
-1.500 1.500 1.185 0.000 0.000 0.000 0.000 0.000 0.000 0.000 0.000
-1.500 1.500 1.185 0.000 0.000 0.000 0.000 0.000 0.000 0.000 0.000
-1.500 1.500 1.185 0.000 0.000 0.000 0.000 0.000 0.000 0.000 0.000
-1.500 1.500 1.185 0.000 0.000 0.000 0.000 0.000 0.000 0.000 0.000
-1.500 1.500 1.185 0.000 0.000 0.000 0.000 0.000 0.000 0.000 0.000
-1.500 1.500 1.185 0.000 0.000 0.000 0.000 0.000 0.000 0.000 0.000
-1.500 1.500 1.185 0.000 0.000 0.000 0.000 0.000 0.000 0.000 0.000
-1.500 1.500 1.185 0.000 0.000 0.000 0.000 0.000 0.000 0.000 0.000
-1.500 1.500 1.185 0.000 0.000 0.000 0.000 0.000 0.000 0.000 0.000
-1.500 1.500 1.185 0.000 0.000 0.000 0.000 0.000 0.000 0.000 0.000
-1.500 1.500 1.185 0.000 0.000 0.000 0.000 0.000 0.000 0.000 0.000
-1.500 1.500 1.185 0.000 0.000 0.000 0.000 0.000 0.000 0.000 0.000
-1.500 1.500 1.185 0.000 0.000 0.000 0.000 0.000 0.000 0.000 0.000
-1.500 1.500 1.185 0.000 0.000 0.000 0.000 0.000 0.000 0.000 0.000
-1.500 1.500 1.185 0.000 0.000 0.000 0.000 0.000 0.000 0.000 0.000
-1.500 1.500 1.185 0.000 0.000 0.000 0.000 0.000 0.000 0.000 0.000
-1.500 1.500 1.185 0.000 0.000 0.000 0.000 0.000 0.000 0.000 0.000
-1.500 1.500 1.185 0.000 0.000 0.000 0.000 0.000 0.000 0.000 0.000
-1.500 1.500 1.185 0.000 0.000 0.000 0.000 0.000 0.000 0.000 0.000
-1.500 1.500 1.185 0.000 0.000 0.000 0.000 0.000 0.000 0.000 0.000
-1.500 1.500 1.185 0.000 0.000 0.000 0.000 0.000 0.000 0.000 0.000
-1.500 1.500 1.185 0.000 0.000 0.000 0.000 0.000 0.000 0.000 0.000
-1.500 1.500 1.185 0.000 0.000 0.000 0.000 0.000 0.000 0.000 0.000
-1.500 1.500 1.185 0.000 0.000 0.000 0.000 0.000 0.000 0.000 0.000
-1.500 1.500 1.185 0.000 0.000 0.000 0.000 0.000 0.000 0.000 0.000
-1.500 1.500 1.185 0.000 0.000 0.000 0.000 0.000 0.000 0.000 0.000
-1.500 1.500 1.185 0.000 0.000 0.000 0.000 0.000 0.000 0.000 0.000
-1.500 1.500 1.185 0.000 0.000 0.000 0.000 0.000 0.000 0.000 0.000
-1.500 1.500 1.185 0.000 0.000 0.000 0.000 0.000 0.000 0.000 0.000
-1.500 1.500 1.185 0.000 0.000 0.000 0.000 0.000 0.000 0.000 0.000
-1.500 1.500 1.185 0.000 0.000 0.000 0.000 0.000 0.000 0.000 0.000
-1.500 1.500 1.185 0.000 0.000 0.000 0.000 0.000 0.000 0.000 0.000
-1.500 1.500 1.185 0.000 0.000 0.000 0.000 0.000 0.000 0.000 0.000
-1.500 1.500 1.185 0.000 0.000 0.000 0.000 0.000 0.000 0.000 0.000
-1.500 1.500 1.185 0.000 0.000 0.000 0.000 0.000 0.000 0.000 0.000
-1.500 1.500 1.185 0.000 0.000 0.000 0.000 0.000 0.000 0.000 0.000
-1.500 1.500 1.185 0.000 0.000 0.000 0.000 0.000 0.000 0.000 0.000
-1.500 1.500 1.185 0.000 0.000 0.000 0.000 0.000 0.000 0.000 0.000
-1.500 1.500 1.185 0.000 0.000 0.000 0.000 0.000 0.000 0.000 0.000
-1.500 1.500 1.185 0.000 0.000 0.000 0.000 0.000 0.000 0.000 0.000
-1.500 1.500 1.185 0.000 0.000 0.000 0.000 0.000 0.000 0.000 0.000
-1.500 1.500 1.185 0.000 -0.000 0.000 0.004 -0.002 0.000 0.000 0.000
-1.500 1.500 1.185 0.001 -0.000 0.000 0.016 -0.009 0.000 0.000 0.000
-1.500 1.500 1.185 0.002 -0.001 0.000 0.035 -0.020 0.000 0.000 0.000
-1.500 1.500 1.185 0.004 -0.002 0.000 0.058 -0.034 0.000 0.000 0.000
-1.499 1.500 1.185 0.008 -0.004 0.000 0.084 -0.050 0.000 0.000 0.000
-1.499 1.499 1.185 0.013 -0.007 0.000 0.114 -0.067 0.000 0.000 0.000
-1.498 1.499 1.185 0.019 -0.011 0.000 0.144 -0.087 0.000 0.000 0.000
-1.497 1.498 1.185 0.027 -0.016 0.000 0.175 -0.106 0.000 0.000 0.000
-1.495 1.497 1.185 0.037 -0.022 0.000 0.206 -0.127 0.000 0.000 0.000
-1.493 1.496 1.185 0.048 -0.029 0.000 0.236 -0.147 0.000 0.000 0.000
-1.491 1.494 1.185 0.060 -0.037 0.000 0.264 -0.167 0.000 0.000 0.000
-1.487 1.492 1.185 0.074 -0.045 0.000 0.290 -0.186 0.000 0.000 0.000
-1.483 1.490 1.185 0.089 -0.055 0.000 0.313 -0.204 -0.000 0.000 0.000
-1.478 1.487 1.185 0.105 -0.066 0.000 0.333 -0.221 -0.000 0.000 0.000
-1.473 1.483 1.185 0.122 -0.077 0.000 0.350 -0.237 -0.000 0.000 0.000
-1.466 1.479 1.185 0.140 -0.089 0.000 0.363 -0.251 -0.000 0.000 0.000
-1.459 1.474 1.185 0.159 -0.102 0.000 0.372 -0.263 -0.000 0.000 0.000
-1.450 1.469 1.185 0.177 -0.116 0.000 0.376 -0.274 -0.000 0.000 0.000
-1.441 1.463 1.185 0.196 -0.130 0.000 0.377 -0.283 -0.000 0.000 0.000
-1.431 1.456 1.185 0.215 -0.144 0.000 0.373 -0.291 -0.000 0.000 0.000
-1.419 1.448 1.185 0.233 -0.159 0.000 0.366 -0.296 -0.000 0.000 0.000
-1.407 1.440 1.185 0.251 -0.174 0.000 0.354 -0.300 -0.000 0.000 0.000
-1.394 1.431 1.185 0.269 -0.189 0.000 0.338 -0.301 -0.000 0.000 0.000
-1.381 1.421 1.185 0.285 -0.204 -0.000 0.319 -0.302 -0.000 0.000 0.000
-1.366 1.411 1.185 0.301 -0.219 -0.000 0.296 -0.300 -0.000 0.000 0.000
-1.350 1.399 1.185 0.315 -0.234 -0.000 0.270 -0.297 -0.000 0.000 0.000
-1.334 1.387 1.185 0.327 -0.248 -0.000 0.240 -0.293 -0.000 0.000 0.000
-1.318 1.375 1.185 0.339 -0.263 -0.000 0.208 -0.287 -0.000 0.000 0.000
-1.301 1.361 1.185 0.348 -0.277 -0.000 0.174 -0.280 -0.000 0.000 0.000
-1.283 1.347 1.185 0.356 -0.291 -0.000 0.138 -0.272 -0.000 0.000 0.000
-1.265 1.332 1.185 0.362 -0.304 -0.000 0.100 -0.263 -0.000 0.000 0.000
-1.247 1.316 1.185 0.366 -0.317 -0.000 0.060 -0.253 -0.000 0.000 0.000
-1.228 1.300 1.185 0.368 -0.329 -0.000 0.020 -0.242 -0.000 0.000 0.000
-1.210 1.283 1.185 0.368 -0.341 -0.000 -0.020 -0.232 -0.000 0.000 0.000
-1.192 1.266 1.185 0.366 -0.353 -0.000 -0.061 -0.221 -0.000 0.000 0.000
-1.173 1.248 1.185 0.362 -0.363 -0.000 -0.101 -0.209 -0.000 0.000 0.000
-1.156 1.230 1.185 0.356 -0.374 -0.000 -0.141 -0.198 -0.000 0.000 0.000
-1.138 1.211 1.185 0.348 -0.383 -0.000 -0.180 -0.187 -0.000 0.000 0.000
-1.121 1.191 1.185 0.338 -0.392 -0.000 -0.217 -0.176 -0.000 0.000 0.000
-1.104 1.172 1.185 0.326 -0.401 -0.000 -0.252 -0.165 -0.000 0.000 0.000
-1.088 1.151 1.185 0.313 -0.409 -0.000 -0.285 -0.156 -0.000 0.000 0.000
-1.073 1.131 1.185 0.298 -0.416 -0.000 -0.315 -0.146 -0.000 0.000 0.000
-1.058 1.110 1.185 0.281 -0.423 -0.000 -0.343 -0.138 -0.000 0.000 0.000
-1.045 1.088 1.185 0.263 -0.430 -0.000 -0.367 -0.130 -0.000 0.000 0.000
-1.032 1.067 1.185 0.245 -0.436 -0.000 -0.388 -0.123 -0.000 0.000 0.000
-1.020 1.045 1.185 0.225 -0.442 -0.000 -0.406 -0.117 0.000 0.000 0.000
-1.010 1.023 1.185 0.204 -0.448 -0.000 -0.420 -0.111 0.000 0.000 0.000
-1.000 1.000 1.185 0.183 -0.454 -0.000 -0.430 -0.107 0.000 0.000 0.000
-0.991 0.977 1.185 0.161 -0.459 -0.000 -0.436 -0.103 0.000 0.000 0.000
-0.984 0.954 1.185 0.139 -0.464 -0.000 -0.439 -0.101 0.000 0.000 0.000
-0.977 0.931 1.185 0.117 -0.469 -0.000 -0.437 -0.098 0.000 0.000 0.000
-0.972 0.907 1.185 0.096 -0.474 -0.000 -0.431 -0.097 0.000 0.000 0.000
-0.968 0.883 1.185 0.074 -0.479 -0.000 -0.422 -0.096 0.000 0.000 0.000
-0.965 0.859 1.185 0.053 -0.483 -0.000 -0.409 -0.095 0.000 0.000 0.000
-0.963 0.835 1.185 0.033 -0.488 -0.000 -0.393 -0.094 0.000 0.000 0.000
-0.961 0.811 1.185 0.014 -0.493 -0.000 -0.374 -0.093 0.000 0.000 0.000
-0.961 0.786 1.185 -0.004 -0.497 -0.000 -0.351 -0.092 0.000 0.000 0.000
-0.962 0.761 1.185 -0.021 -0.502 -0.000 -0.326 -0.091 0.000 0.000 0.000
-0.963 0.736 1.185 -0.037 -0.506 -0.000 -0.298 -0.089 0.000 0.000 0.000
-0.965 0.710 1.185 -0.051 -0.511 -0.000 -0.269 -0.087 0.000 0.000 0.000
-0.968 0.685 1.185 -0.063 -0.515 -0.000 -0.237 -0.083 0.000 0.000 0.000
-0.972 0.659 1.185 -0.074 -0.519 -0.000 -0.204 -0.079 0.000 0.000 0.000
-0.976 0.633 1.185 -0.084 -0.523 -0.000 -0.169 -0.074 0.000 0.000 0.000
-0.980 0.606 1.185 -0.091 -0.526 -0.000 -0.134 -0.067 0.000 0.000 0.000
-0.985 0.580 1.185 -0.097 -0.530 -0.000 -0.098 -0.059 0.000 0.000 0.000
-0.990 0.553 1.185 -0.101 -0.532 -0.000 -0.061 -0.050 0.000 0.000 0.000
-0.995 0.527 1.185 -0.103 -0.535 -0.000 -0.025 -0.040 0.000 0.000 0.000
-1.000 0.500 1.185 -0.103 -0.536 -0.000 0.012 -0.028 0.000 0.000 0.000
-1.005 0.473 1.185 -0.102 -0.537 0.000 0.047 -0.016 0.000 0.000 0.000
-1.010 0.446 1.185 -0.099 -0.538 0.000 0.082 -0.002 -0.000 0.000 0.000
-1.015 0.419 1.185 -0.094 -0.538 0.000 0.116 0.013 -0.000 0.000 0.000
-1.020 0.393 1.185 -0.087 -0.537 0.000 0.149 0.029 -0.000 0.000 0.000
-1.024 0.366 1.185 -0.079 -0.535 0.000 0.180 0.046 -0.000 0.000 0.000
-1.027 0.339 1.185 -0.069 -0.532 0.000 0.209 0.063 -0.000 0.000 0.000
-1.031 0.313 1.185 -0.058 -0.528 0.000 0.237 0.080 -0.000 0.000 0.000
-1.033 0.286 1.185 -0.046 -0.524 0.000 0.263 0.097 -0.000 0.000 0.000
-1.035 0.260 1.185 -0.032 -0.519 0.000 0.287 0.114 -0.000 0.000 0.000
-1.036 0.234 1.185 -0.017 -0.512 0.000 0.309 0.131 -0.000 0.000 0.000
-1.037 0.209 1.185 -0.001 -0.506 0.000 0.328 0.147 -0.000 0.000 0.000
-1.036 0.184 1.185 0.016 -0.498 0.000 0.346 0.162 -0.000 0.000 0.000
-1.035 0.159 1.185 0.034 -0.489 0.000 0.361 0.175 -0.000 0.000 0.000
-1.033 0.135 1.185 0.052 -0.480 -0.000 0.373 0.187 -0.000 0.000 0.000
-1.030 0.111 1.185 0.071 -0.471 -0.000 0.383 0.197 -0.000 0.000 0.000
-1.026 0.088 1.185 0.090 -0.461 -0.000 0.391 0.206 -0.000 0.000 0.000
-1.021 0.065 1.185 0.110 -0.450 -0.000 0.396 0.212 -0.000 0.000 0.000
-1.015 0.043 1.185 0.130 -0.439 -0.000 0.399 0.216 -0.000 0.000 0.000
-1.008 0.021 1.185 0.150 -0.429 -0.000 0.399 0.218 -0.000 0.000 0.000
-1.000 -0.000 1.185 0.170 -0.418 -0.000 0.397 0.217 -0.000 0.000 0.000
-0.991 -0.021 1.185 0.189 -0.407 -0.000 0.393 0.214 -0.000 0.000 0.000
-0.981 -0.041 1.185 0.209 -0.396 -0.000 0.387 0.208 -0.000 0.000 0.000
-0.970 -0.060 1.185 0.228 -0.386 -0.000 0.378 0.200 -0.000 0.000 0.000
-0.958 -0.079 1.185 0.247 -0.376 -0.000 0.368 0.189 -0.000 0.000 0.000
-0.945 -0.098 1.185 0.265 -0.367 -0.000 0.356 0.177 -0.000 0.000 0.000
-0.932 -0.116 1.185 0.282 -0.359 -0.000 0.342 0.162 -0.000 0.000 0.000
-0.917 -0.134 1.185 0.299 -0.351 -0.000 0.327 0.145 -0.000 0.000 0.000
-0.902 -0.151 1.185 0.315 -0.344 -0.000 0.310 0.127 -0.000 0.000 0.000
-0.886 -0.168 1.185 0.330 -0.338 -0.000 0.292 0.108 -0.000 0.000 0.000
-0.869 -0.185 1.185 0.344 -0.334 -0.000 0.273 0.087 0.000 0.000 0.000
-0.851 -0.202 1.185 0.357 -0.330 -0.000 0.253 0.065 0.000 0.000 0.000
-0.833 -0.218 1.185 0.369 -0.327 -0.000 0.232 0.043 0.000 0.000 0.000
-0.814 -0.234 1.185 0.380 -0.326 -0.000 0.211 0.020 0.000 0.000 0.000
-0.795 -0.251 1.185 0.390 -0.325 -0.000 0.189 -0.002 0.000 0.000 0.000
-0.775 -0.267 1.185 0.399 -0.326 -0.000 0.167 -0.025 0.000 0.000 0.000
-0.755 -0.283 1.185 0.407 -0.328 -0.000 0.145 -0.047 0.000 0.000 0.000
-0.735 -0.300 1.185 0.414 -0.330 -0.000 0.123 -0.067 0.000 0.000 0.000
-0.714 -0.316 1.185 0.419 -0.334 -0.000 0.101 -0.087 0.000 0.000 0.000
-0.693 -0.333 1.185 0.424 -0.339 -0.000 0.079 -0.105 0.000 0.000 0.000
-0.672 -0.350 1.185 0.427 -0.345 -0.000 0.059 -0.121 0.000 0.000 0.000
-0.650 -0.368 1.185 0.430 -0.351 -0.000 0.038 -0.135 0.000 0.000 0.000
-0.629 -0.385 1.185 0.431 -0.358 -0.000 0.019 -0.147 0.000 0.000 0.000
-0.607 -0.403 1.185 0.432 -0.366 -0.000 0.001 -0.157 0.000 0.000 0.000
-0.586 -0.422 1.185 0.431 -0.374 0.000 -0.016 -0.163 0.000 0.000 0.000
-0.564 -0.441 1.185 0.430 -0.382 0.000 -0.032 -0.167 0.000 0.000 0.000
-0.543 -0.460 1.185 0.428 -0.391 0.000 -0.047 -0.168 0.000 0.000 0.000
-0.521 -0.480 1.185 0.425 -0.399 0.000 -0.060 -0.165 0.000 0.000 0.000
-0.500 -0.500 1.185 0.422 -0.407 0.000 -0.072 -0.160 0.000 0.000 0.000
-0.479 -0.521 1.185 0.418 -0.415 0.000 -0.083 -0.151 0.000 0.000 0.000
-0.458 -0.541 1.185 0.414 -0.422 0.000 -0.092 -0.138 0.000 0.000 0.000
-0.438 -0.563 1.185 0.409 -0.429 0.000 -0.099 -0.123 0.000 0.000 0.000
-0.417 -0.584 1.185 0.404 -0.434 0.000 -0.106 -0.104 0.000 0.000 0.000
-0.397 -0.606 1.185 0.398 -0.439 0.000 -0.110 -0.083 0.000 0.000 0.000
-0.377 -0.628 1.185 0.393 -0.442 0.000 -0.113 -0.059 0.000 0.000 0.000
-0.358 -0.650 1.185 0.387 -0.445 0.000 -0.115 -0.032 0.000 0.000 0.000
-0.339 -0.673 1.185 0.381 -0.446 0.000 -0.116 -0.002 0.000 0.000 0.000
-0.320 -0.695 1.185 0.376 -0.445 0.000 -0.115 0.030 0.000 0.000 0.000
-0.301 -0.717 1.185 0.370 -0.443 0.000 -0.113 0.063 0.000 0.000 0.000
-0.283 -0.739 1.185 0.364 -0.439 0.000 -0.110 0.098 0.000 0.000 0.000
-0.265 -0.761 1.185 0.359 -0.433 0.000 -0.106 0.135 -0.000 0.000 0.000
-0.247 -0.782 1.185 0.354 -0.425 0.000 -0.101 0.173 -0.000 0.000 0.000
-0.229 -0.803 1.185 0.349 -0.415 0.000 -0.095 0.211 -0.000 0.000 0.000
-0.212 -0.824 1.185 0.344 -0.404 0.000 -0.089 0.250 -0.000 0.000 0.000
-0.195 -0.844 1.185 0.340 -0.390 0.000 -0.082 0.289 -0.000 0.000 0.000
-0.178 -0.863 1.185 0.336 -0.375 0.000 -0.074 0.328 -0.000 0.000 0.000
-0.161 -0.881 1.185 0.333 -0.358 0.000 -0.066 0.366 -0.000 0.000 0.000
-0.145 -0.899 1.185 0.329 -0.338 0.000 -0.058 0.404 -0.000 0.000 0.000
-0.128 -0.915 1.185 0.327 -0.317 0.000 -0.050 0.440 -0.000 0.000 0.000
-0.112 -0.930 1.185 0.324 -0.294 0.000 -0.042 0.475 -0.000 0.000 0.000
-0.096 -0.944 1.185 0.323 -0.270 0.000 -0.034 0.508 -0.000 0.000 0.000
-0.080 -0.957 1.185 0.321 -0.244 0.000 -0.026 0.538 -0.000 0.000 0.000
-0.064 -0.969 1.185 0.320 -0.216 0.000 -0.018 0.567 -0.000 0.000 0.000
-0.048 -0.979 1.185 0.319 -0.187 0.000 -0.011 0.593 -0.000 0.000 0.000
-0.032 -0.987 1.185 0.319 -0.157 0.000 -0.004 0.616 -0.000 0.000 0.000
-0.016 -0.995 1.185 0.319 -0.125 0.000 0.002 0.636 -0.000 0.000 0.000
-0.000 -1.000 1.185 0.319 -0.093 0.000 0.008 0.653 -0.000 0.000 0.000
0.016 -1.004 1.185 0.320 -0.060 0.000 0.013 0.667 -0.000 0.000 0.000
0.032 -1.006 1.185 0.320 -0.027 0.000 0.018 0.677 -0.000 0.000 0.000
0.048 -1.006 1.185 0.321 0.007 0.000 0.022 0.684 -0.000 0.000 0.000
0.064 -1.005 1.185 0.323 0.042 -0.000 0.025 0.687 -0.000 0.000 0.000
0.080 -1.002 1.185 0.324 0.076 -0.000 0.027 0.687 -0.000 0.000 0.000
0.097 -0.998 1.185 0.325 0.110 -0.000 0.029 0.684 -0.000 0.000 0.000
0.113 -0.991 1.185 0.327 0.144 -0.000 0.030 0.676 -0.000 0.000 0.000
0.129 -0.983 1.185 0.328 0.178 -0.000 0.030 0.666 -0.000 0.000 0.000
0.146 -0.973 1.185 0.330 0.211 -0.000 0.030 0.652 -0.000 0.000 0.000
0.162 -0.962 1.185 0.331 0.243 -0.000 0.030 0.636 -0.000 0.000 0.000
0.179 -0.949 1.185 0.333 0.274 -0.000 0.028 0.616 -0.000 0.000 0.000
0.195 -0.935 1.185 0.334 0.305 -0.000 0.026 0.593 -0.000 0.000 0.000
0.212 -0.919 1.185 0.335 0.334 -0.000 0.024 0.568 -0.000 0.000 0.000
0.229 -0.901 1.185 0.337 0.361 -0.000 0.022 0.540 0.000 0.000 0.000
0.246 -0.883 1.185 0.338 0.388 -0.000 0.019 0.510 0.000 0.000 0.000
0.263 -0.863 1.185 0.338 0.412 -0.000 0.016 0.477 0.000 0.000 0.000
0.280 -0.841 1.185 0.339 0.435 -0.000 0.013 0.443 0.000 0.000 0.000
0.297 -0.819 1.185 0.340 0.457 -0.000 0.009 0.407 0.000 0.000 0.000
0.314 -0.796 1.185 0.340 0.476 -0.000 0.006 0.370 0.000 0.000 0.000
0.331 -0.772 1.185 0.340 0.494 -0.000 0.003 0.332 0.000 0.000 0.000
0.348 -0.746 1.185 0.340 0.509 -0.000 -0.001 0.292 0.000 0.000 0.000
0.365 -0.721 1.185 0.340 0.523 -0.000 -0.004 0.252 0.000 0.000 0.000
0.382 -0.694 1.185 0.340 0.534 0.000 -0.006 0.212 0.000 0.000 0.000
0.399 -0.667 1.185 0.340 0.544 0.000 -0.009 0.171 0.000 0.000 0.000
0.416 -0.640 1.185 0.339 0.551 0.000 -0.011 0.130 0.000 0.000 0.000
0.433 -0.612 1.185 0.338 0.557 0.000 -0.013 0.089 0.000 0.000 0.000
0.449 -0.584 1.185 0.338 0.560 0.000 -0.014 0.049 0.000 0.000 0.000
0.466 -0.556 1.185 0.337 0.562 0.000 -0.015 0.010 0.000 0.000 0.000
0.483 -0.528 1.185 0.336 0.561 0.000 -0.015 -0.028 0.000 0.000 0.000
0.500 -0.500 1.185 0.336 0.559 0.000 -0.014 -0.066 0.000 0.000 0.000
0.517 -0.472 1.185 0.335 0.555 0.000 -0.013 -0.102 0.000 0.000 0.000
0.533 -0.445 1.185 0.334 0.549 0.000 -0.011 -0.137 0.000 0.000 0.000
0.550 -0.417 1.185 0.334 0.541 0.000 -0.009 -0.170 0.000 0.000 0.000
0.567 -0.390 1.185 0.334 0.532 0.000 -0.006 -0.202 0.000 0.000 0.000
0.584 -0.364 1.185 0.333 0.521 0.000 -0.002 -0.231 0.000 0.000 0.000
0.600 -0.338 1.185 0.333 0.509 0.000 0.003 -0.259 0.000 0.000 0.000
0.617 -0.313 1.185 0.334 0.495 0.000 0.008 -0.285 0.000 0.000 0.000
0.634 -0.289 1.185 0.334 0.480 0.000 0.013 -0.308 -0.000 0.000 0.000
0.650 -0.265 1.185 0.335 0.464 0.000 0.019 -0.330 -0.000 0.000 0.000
0.667 -0.242 1.185 0.336 0.448 0.000 0.026 -0.349 -0.000 0.000 0.000
0.684 -0.220 1.185 0.338 0.430 0.000 0.033 -0.366 -0.000 0.000 0.000
0.701 -0.199 1.185 0.339 0.411 0.000 0.041 -0.380 -0.000 0.000 0.000
0.718 -0.179 1.185 0.342 0.392 0.000 0.049 -0.393 -0.000 0.000 0.000
0.735 -0.160 1.185 0.344 0.372 0.000 0.057 -0.403 -0.000 0.000 0.000
0.752 -0.142 1.185 0.347 0.351 0.000 0.066 -0.410 -0.000 0.000 0.000
0.770 -0.125 1.185 0.351 0.331 0.000 0.075 -0.416 -0.000 0.000 0.000
0.787 -0.109 1.185 0.355 0.310 0.000 0.084 -0.419 -0.000 0.000 0.000
0.805 -0.094 1.185 0.359 0.289 0.000 0.093 -0.420 -0.000 0.000 0.000
0.823 -0.080 1.185 0.364 0.268 0.000 0.102 -0.418 -0.000 0.000 0.000
0.842 -0.067 1.185 0.369 0.247 -0.000 0.110 -0.415 -0.000 0.000 0.000
0.860 -0.056 1.185 0.375 0.227 -0.000 0.119 -0.410 -0.000 0.000 0.000
0.879 -0.045 1.185 0.381 0.206 -0.000 0.127 -0.402 -0.000 0.000 0.000
0.898 -0.035 1.185 0.388 0.186 -0.000 0.135 -0.393 -0.000 0.000 0.000
0.918 -0.026 1.185 0.395 0.167 -0.000 0.143 -0.382 -0.000 0.000 0.000
0.938 -0.018 1.185 0.402 0.148 -0.000 0.149 -0.370 -0.000 0.000 0.000
0.958 -0.011 1.185 0.410 0.130 -0.000 0.156 -0.356 -0.000 0.000 0.000
0.979 -0.005 1.185 0.418 0.113 -0.000 0.161 -0.340 -0.000 0.000 0.000
1.000 -0.000 1.185 0.426 0.096 -0.000 0.166 -0.323 -0.000 0.000 0.000
1.022 0.004 1.185 0.434 0.080 -0.000 0.169 -0.306 -0.000 0.000 0.000
1.043 0.008 1.185 0.443 0.065 -0.000 0.172 -0.287 -0.000 0.000 0.000
1.066 0.011 1.185 0.451 0.052 -0.000 0.173 -0.267 -0.000 0.000 0.000
1.089 0.013 1.185 0.460 0.039 -0.000 0.173 -0.247 -0.000 0.000 0.000
1.112 0.015 1.185 0.469 0.027 -0.000 0.172 -0.226 -0.000 0.000 0.000
1.135 0.016 1.185 0.477 0.016 -0.000 0.169 -0.205 -0.000 0.000 0.000
1.159 0.016 1.185 0.485 0.006 -0.000 0.164 -0.184 -0.000 0.000 0.000
1.184 0.017 1.185 0.494 -0.002 -0.000 0.159 -0.163 -0.000 0.000 0.000
1.209 0.016 1.185 0.501 -0.010 -0.000 0.151 -0.142 -0.000 0.000 0.000
1.234 0.016 1.185 0.509 -0.016 -0.000 0.142 -0.121 0.000 0.000 0.000
1.260 0.015 1.185 0.515 -0.022 -0.000 0.130 -0.101 0.000 0.000 0.000
1.286 0.013 1.185 0.522 -0.026 -0.000 0.118 -0.081 0.000 0.000 0.000
1.312 0.012 1.185 0.527 -0.030 -0.000 0.103 -0.063 0.000 0.000 0.000
1.338 0.010 1.185 0.532 -0.033 -0.000 0.086 -0.045 0.000 0.000 0.000
1.365 0.009 1.185 0.536 -0.035 -0.000 0.068 -0.028 0.000 0.000 0.000
1.392 0.007 1.185 0.539 -0.036 -0.000 0.048 -0.013 0.000 0.000 0.000
1.419 0.005 1.185 0.541 -0.036 -0.000 0.027 0.002 0.000 0.000 0.000
1.446 0.003 1.185 0.541 -0.035 -0.000 0.003 0.014 0.000 0.000 0.000
1.473 0.002 1.185 0.541 -0.034 -0.000 -0.021 0.026 0.000 0.000 0.000
1.500 0.000 1.185 0.539 -0.033 -0.000 -0.047 0.036 0.000 0.000 0.000
1.527 -0.002 1.185 0.536 -0.031 -0.000 -0.074 0.045 0.000 0.000 0.000
1.554 -0.003 1.185 0.532 -0.028 0.000 -0.102 0.052 0.000 0.000 0.000
1.580 -0.004 1.185 0.526 -0.026 0.000 -0.131 0.057 0.000 0.000 0.000
1.606 -0.006 1.185 0.519 -0.023 0.000 -0.160 0.061 0.000 0.000 0.000
1.632 -0.007 1.185 0.510 -0.020 0.000 -0.189 0.064 0.000 0.000 0.000
1.657 -0.008 1.185 0.500 -0.016 0.000 -0.218 0.066 0.000 0.000 0.000
1.682 -0.008 1.185 0.488 -0.013 0.000 -0.247 0.066 0.000 0.000 0.000
1.706 -0.009 1.185 0.475 -0.010 0.000 -0.275 0.065 0.000 0.000 0.000
1.729 -0.009 1.185 0.461 -0.007 0.000 -0.302 0.063 0.000 0.000 0.000
1.752 -0.010 1.185 0.445 -0.004 0.000 -0.327 0.060 0.000 0.000 0.000
1.774 -0.010 1.185 0.428 -0.001 0.000 -0.351 0.056 0.000 0.000 0.000
1.795 -0.010 1.185 0.410 0.002 0.000 -0.374 0.051 0.000 0.000 0.000
1.815 -0.010 1.185 0.391 0.004 0.000 -0.393 0.046 0.000 0.000 0.000
1.834 -0.009 1.185 0.371 0.007 0.000 -0.411 0.040 0.000 0.000 0.000
1.852 -0.009 1.185 0.350 0.008 0.000 -0.426 0.034 0.000 0.000 0.000
1.869 -0.008 1.185 0.328 0.010 0.000 -0.437 0.028 -0.000 0.000 0.000
1.885 -0.008 1.185 0.306 0.011 0.000 -0.446 0.022 -0.000 0.000 0.000
1.899 -0.007 1.185 0.283 0.012 0.000 -0.451 0.015 -0.000 0.000 0.000
1.913 -0.007 1.185 0.261 0.013 0.000 -0.453 0.009 -0.000 0.000 0.000
1.925 -0.006 1.185 0.238 0.013 0.000 -0.452 0.003 -0.000 0.000 0.000
1.937 -0.005 1.185 0.216 0.013 0.000 -0.446 -0.002 -0.000 0.000 0.000
1.947 -0.005 1.185 0.194 0.013 0.000 -0.438 -0.007 -0.000 0.000 0.000
1.956 -0.004 1.185 0.172 0.012 0.000 -0.425 -0.011 -0.000 0.000 0.000
1.964 -0.003 1.185 0.151 0.012 0.000 -0.409 -0.015 -0.000 0.000 0.000
1.971 -0.003 1.185 0.131 0.011 0.000 -0.390 -0.018 -0.000 0.000 0.000
1.977 -0.002 1.185 0.112 0.010 0.000 -0.367 -0.021 -0.000 0.000 0.000
1.982 -0.002 1.185 0.095 0.009 0.000 -0.341 -0.022 -0.000 0.000 0.000
1.987 -0.001 1.185 0.078 0.008 0.000 -0.313 -0.023 -0.000 0.000 0.000
1.990 -0.001 1.185 0.063 0.007 0.000 -0.283 -0.023 -0.000 0.000 0.000
1.993 -0.001 1.185 0.050 0.005 0.000 -0.251 -0.023 -0.000 0.000 0.000
1.995 -0.001 1.185 0.038 0.004 0.000 -0.218 -0.021 -0.000 0.000 0.000
1.997 -0.000 1.185 0.028 0.003 0.000 -0.184 -0.019 -0.000 0.000 0.000
1.998 -0.000 1.185 0.020 0.002 0.000 -0.151 -0.017 -0.000 0.000 0.000
1.999 -0.000 1.185 0.013 0.002 0.000 -0.118 -0.014 -0.000 0.000 0.000
1.999 -0.000 1.185 0.008 0.001 -0.000 -0.087 -0.011 -0.000 0.000 0.000
2.000 -0.000 1.185 0.004 0.001 -0.000 -0.059 -0.008 -0.000 0.000 0.000
2.000 -0.000 1.185 0.002 0.000 -0.000 -0.035 -0.005 -0.000 0.000 0.000
2.000 -0.000 1.185 0.001 0.000 -0.000 -0.017 -0.002 0.000 0.000 0.000
2.000 -0.000 1.185 0.000 0.000 -0.000 -0.004 -0.001 0.000 0.000 0.000
2.000 0.000 1.185 0.000 -0.000 -0.000 0.000 -0.000 0.000 0.000 0.000
2.000 0.000 1.185 0.000 0.000 0.000 0.000 0.000 0.000 0.000 0.000
2.000 0.000 1.185 0.000 0.000 0.000 0.000 0.000 0.000 0.000 0.000
2.000 0.000 1.185 0.000 0.000 0.000 0.000 0.000 0.000 0.000 0.000
2.000 0.000 1.185 0.000 0.000 0.000 0.000 0.000 0.000 0.000 0.000
2.000 0.000 1.185 0.000 0.000 0.000 0.000 0.000 0.000 0.000 0.000
2.000 0.000 1.185 0.000 0.000 0.000 0.000 0.000 0.000 0.000 0.000
2.000 0.000 1.185 0.000 0.000 0.000 0.000 0.000 0.000 0.000 0.000
2.000 0.000 1.185 0.000 0.000 0.000 0.000 0.000 0.000 0.000 0.000
2.000 0.000 1.185 0.000 0.000 0.000 0.000 0.000 0.000 0.000 0.000
2.000 0.000 1.185 0.000 0.000 0.000 0.000 0.000 0.000 0.000 0.000
2.000 0.000 1.185 0.000 0.000 0.000 0.000 0.000 0.000 0.000 0.000
2.000 0.000 1.185 0.000 0.000 0.000 0.000 0.000 0.000 0.000 0.000
2.000 0.000 1.185 0.000 0.000 0.000 0.000 0.000 0.000 0.000 0.000
2.000 0.000 1.185 0.000 0.000 0.000 0.000 0.000 0.000 0.000 0.000
2.000 0.000 1.185 0.000 0.000 0.000 0.000 0.000 0.000 0.000 0.000
2.000 0.000 1.185 0.000 0.000 0.000 0.000 0.000 0.000 0.000 0.000
2.000 0.000 1.185 0.000 0.000 0.000 0.000 0.000 0.000 0.000 0.000
2.000 0.000 1.185 0.000 0.000 0.000 0.000 0.000 0.000 0.000 0.000
2.000 0.000 1.185 0.000 0.000 0.000 0.000 0.000 0.000 0.000 0.000
2.000 0.000 1.185 0.000 0.000 0.000 0.000 0.000 0.000 0.000 0.000
2.000 0.000 1.185 0.000 0.000 0.000 0.000 0.000 0.000 0.000 0.000
2.000 0.000 1.185 0.000 0.000 0.000 0.000 0.000 0.000 0.000 0.000
2.000 0.000 1.185 0.000 0.000 0.000 0.000 0.000 0.000 0.000 0.000
2.000 0.000 1.185 0.000 0.000 0.000 0.000 0.000 0.000 0.000 0.000
2.000 0.000 1.185 0.000 0.000 0.000 0.000 0.000 0.000 0.000 0.000
2.000 0.000 1.185 0.000 0.000 0.000 0.000 0.000 0.000 0.000 0.000
2.000 0.000 1.185 0.000 0.000 0.000 0.000 0.000 0.000 0.000 0.000
2.000 0.000 1.185 0.000 0.000 0.000 0.000 0.000 0.000 0.000 0.000
2.000 0.000 1.185 0.000 0.000 0.000 0.000 0.000 0.000 0.000 0.000
2.000 0.000 1.185 0.000 0.000 0.000 0.000 0.000 0.000 0.000 0.000
2.000 0.000 1.185 0.000 0.000 0.000 0.000 0.000 0.000 0.000 0.000
2.000 0.000 1.185 0.000 0.000 0.000 0.000 0.000 0.000 0.000 0.000
2.000 0.000 1.185 0.000 0.000 0.000 0.000 0.000 0.000 0.000 0.000
2.000 0.000 1.185 0.000 0.000 0.000 0.000 0.000 0.000 0.000 0.000
2.000 0.000 1.185 0.000 0.000 0.000 0.000 0.000 0.000 0.000 0.000
2.000 0.000 1.185 0.000 0.000 0.000 0.000 0.000 0.000 0.000 0.000
2.000 0.000 1.185 0.000 0.000 0.000 0.000 0.000 0.000 0.000 0.000
2.000 0.000 1.185 0.000 0.000 0.000 0.000 0.000 0.000 0.000 0.000
2.000 0.000 1.185 0.000 0.000 0.000 0.000 0.000 0.000 0.000 0.000
2.000 0.000 1.185 0.000 0.000 0.000 0.000 0.000 0.000 0.000 0.000
2.000 0.000 1.185 0.000 0.000 0.000 0.000 0.000 0.000 0.000 0.000
2.000 0.000 1.185 0.000 0.000 0.000 0.000 0.000 0.000 0.000 0.000
2.000 0.000 1.185 0.000 0.000 0.000 0.000 0.000 0.000 0.000 0.000
2.000 0.000 1.185 0.000 0.000 0.000 0.000 0.000 0.000 0.000 0.000
2.000 0.000 1.185 0.000 0.000 0.000 0.000 0.000 0.000 0.000 0.000
2.000 0.000 1.185 0.000 0.000 0.000 0.000 0.000 0.000 0.000 0.000
2.000 0.000 1.185 0.000 0.000 0.000 0.000 0.000 0.000 0.000 0.000
2.000 0.000 1.185 0.000 0.000 0.000 0.000 0.000 0.000 0.000 0.000
2.000 0.000 1.185 0.000 0.000 0.000 0.000 0.000 0.000 0.000 0.000
2.000 0.000 1.185 0.000 0.000 0.000 0.000 0.000 0.000 0.000 0.000
2.000 0.000 1.185 0.000 0.000 0.000 0.000 0.000 0.000 0.000 0.000
2.000 0.000 1.185 0.000 0.000 0.000 0.000 0.000 0.000 0.000 0.000
2.000 0.000 1.185 0.000 0.000 0.000 0.000 0.000 0.000 0.000 0.000
2.000 0.000 1.185 0.000 0.000 0.000 0.000 0.000 0.000 0.000 0.000
2.000 0.000 1.185 0.000 0.000 0.000 0.000 0.000 0.000 0.000 0.000
2.000 0.000 1.185 0.000 0.000 0.000 0.000 0.000 0.000 0.000 0.000
2.000 0.000 1.185 0.000 0.000 0.000 0.000 0.000 0.000 0.000 0.000
2.000 0.000 1.185 0.000 0.000 0.000 0.000 0.000 0.000 0.000 0.000
2.000 0.000 1.185 0.000 0.000 0.000 0.000 0.000 0.000 0.000 0.000
2.000 0.000 1.185 0.000 0.000 0.000 0.000 0.000 0.000 0.000 0.000
2.000 -0.000 1.185 -0.000 -0.000 0.000 -0.002 -0.003 0.000 0.000 0.000
2.000 -0.000 1.185 -0.000 -0.000 0.000 -0.009 -0.012 0.000 0.000 0.000
2.000 -0.000 1.185 -0.001 -0.001 0.000 -0.019 -0.026 0.000 0.000 0.000
2.000 -0.000 1.185 -0.002 -0.003 0.000 -0.033 -0.044 0.000 0.000 0.000
2.000 -0.000 1.185 -0.004 -0.006 0.000 -0.049 -0.064 0.000 0.000 0.000
1.999 -0.001 1.185 -0.007 -0.010 0.000 -0.066 -0.087 0.000 0.000 0.000
1.999 -0.001 1.185 -0.011 -0.015 0.000 -0.085 -0.111 0.000 0.000 0.000
1.998 -0.002 1.185 -0.016 -0.021 0.000 -0.105 -0.135 0.000 0.000 0.000
1.997 -0.003 1.185 -0.022 -0.028 0.000 -0.126 -0.160 0.000 0.000 0.000
1.996 -0.005 1.185 -0.028 -0.037 0.000 -0.147 -0.184 0.000 0.000 0.000
1.995 -0.007 1.185 -0.036 -0.046 0.000 -0.167 -0.207 0.000 0.000 0.000
1.993 -0.010 1.185 -0.045 -0.057 0.000 -0.187 -0.229 0.000 0.000 0.000
1.990 -0.013 1.185 -0.055 -0.069 0.000 -0.206 -0.249 0.000 0.000 0.000
1.987 -0.017 1.185 -0.066 -0.082 0.000 -0.224 -0.267 -0.000 0.000 0.000
1.983 -0.021 1.185 -0.077 -0.096 0.000 -0.241 -0.283 -0.000 0.000 0.000
1.979 -0.026 1.185 -0.090 -0.110 0.000 -0.257 -0.296 -0.000 0.000 0.000
1.974 -0.032 1.185 -0.103 -0.126 0.000 -0.270 -0.307 -0.000 0.000 0.000
1.969 -0.039 1.185 -0.117 -0.141 0.000 -0.283 -0.315 -0.000 0.000 0.000
1.963 -0.046 1.185 -0.131 -0.157 0.000 -0.293 -0.320 -0.000 0.000 0.000
1.956 -0.055 1.185 -0.146 -0.173 0.000 -0.301 -0.322 -0.000 0.000 0.000
1.948 -0.064 1.185 -0.161 -0.189 0.000 -0.308 -0.322 -0.000 0.000 0.000
1.940 -0.073 1.185 -0.177 -0.205 0.000 -0.312 -0.319 -0.000 0.000 0.000
1.930 -0.084 1.185 -0.192 -0.221 -0.000 -0.315 -0.313 -0.000 0.000 0.000
1.920 -0.096 1.185 -0.208 -0.236 -0.000 -0.315 -0.305 -0.000 0.000 0.000
1.910 -0.108 1.185 -0.224 -0.251 -0.000 -0.314 -0.294 -0.000 0.000 0.000
1.898 -0.121 1.185 -0.239 -0.266 -0.000 -0.310 -0.282 -0.000 0.000 0.000
1.886 -0.134 1.185 -0.255 -0.280 -0.000 -0.305 -0.267 -0.000 0.000 0.000
1.873 -0.149 1.185 -0.270 -0.292 -0.000 -0.298 -0.251 -0.000 0.000 0.000
1.859 -0.164 1.185 -0.285 -0.305 -0.000 -0.289 -0.233 -0.000 0.000 0.000
1.844 -0.179 1.185 -0.299 -0.316 -0.000 -0.279 -0.213 -0.000 0.000 0.000
1.829 -0.195 1.185 -0.312 -0.326 -0.000 -0.267 -0.193 -0.000 0.000 0.000
1.813 -0.212 1.185 -0.326 -0.335 -0.000 -0.254 -0.172 -0.000 0.000 0.000
1.796 -0.229 1.185 -0.338 -0.343 -0.000 -0.239 -0.150 -0.000 0.000 0.000
1.779 -0.246 1.185 -0.349 -0.350 -0.000 -0.224 -0.128 -0.000 0.000 0.000
1.761 -0.264 1.185 -0.360 -0.356 -0.000 -0.208 -0.106 -0.000 0.000 0.000
1.743 -0.281 1.185 -0.370 -0.361 -0.000 -0.190 -0.085 -0.000 0.000 0.000
1.724 -0.300 1.185 -0.379 -0.364 -0.000 -0.172 -0.063 -0.000 0.000 0.000
1.705 -0.318 1.185 -0.387 -0.367 -0.000 -0.154 -0.043 -0.000 0.000 0.000
1.686 -0.336 1.185 -0.395 -0.369 -0.000 -0.135 -0.024 -0.000 0.000 0.000
1.666 -0.355 1.185 -0.401 -0.369 -0.000 -0.117 -0.005 -0.000 0.000 0.000
1.646 -0.373 1.185 -0.406 -0.369 -0.000 -0.098 0.011 -0.000 0.000 0.000
1.625 -0.392 1.185 -0.411 -0.368 -0.000 -0.079 0.026 -0.000 0.000 0.000
1.605 -0.410 1.185 -0.414 -0.367 -0.000 -0.060 0.039 -0.000 0.000 0.000
1.584 -0.428 1.185 -0.417 -0.364 -0.000 -0.042 0.051 -0.000 0.000 0.000
1.563 -0.446 1.185 -0.418 -0.362 -0.000 -0.025 0.060 -0.000 0.000 0.000
1.542 -0.465 1.185 -0.419 -0.358 -0.000 -0.008 0.067 -0.000 0.000 0.000
1.521 -0.482 1.185 -0.419 -0.355 -0.000 0.009 0.071 -0.000 0.000 0.000
1.500 -0.500 1.185 -0.418 -0.351 -0.000 0.024 0.074 -0.000 0.000 0.000
1.479 -0.517 1.185 -0.417 -0.348 -0.000 0.038 0.074 -0.000 0.000 0.000
1.458 -0.535 1.185 -0.415 -0.344 -0.000 0.052 0.072 -0.000 0.000 0.000
1.438 -0.552 1.185 -0.412 -0.341 -0.000 0.064 0.067 -0.000 0.000 0.000
1.417 -0.569 1.185 -0.408 -0.337 -0.000 0.075 0.061 -0.000 0.000 0.000
1.397 -0.586 1.185 -0.404 -0.334 -0.000 0.085 0.053 -0.000 0.000 0.000
1.377 -0.602 1.185 -0.400 -0.332 -0.000 0.094 0.043 -0.000 0.000 0.000
1.357 -0.619 1.185 -0.395 -0.330 -0.000 0.101 0.031 0.000 0.000 0.000
1.337 -0.635 1.185 -0.390 -0.329 -0.000 0.107 0.018 0.000 0.000 0.000
1.318 -0.652 1.185 -0.384 -0.328 -0.000 0.112 0.005 0.000 0.000 0.000
1.299 -0.668 1.185 -0.378 -0.329 -0.000 0.115 -0.010 0.000 0.000 0.000
1.280 -0.685 1.185 -0.373 -0.329 -0.000 0.118 -0.025 0.000 0.000 0.000
1.262 -0.701 1.185 -0.367 -0.331 -0.000 0.119 -0.041 0.000 0.000 0.000
1.243 -0.718 1.185 -0.361 -0.334 -0.000 0.119 -0.057 0.000 0.000 0.000
1.226 -0.734 1.185 -0.355 -0.337 -0.000 0.118 -0.072 0.000 0.000 0.000
1.208 -0.751 1.185 -0.349 -0.341 -0.000 0.115 -0.087 0.000 0.000 0.000
1.191 -0.769 1.185 -0.343 -0.345 -0.000 0.112 -0.101 0.000 0.000 0.000
1.174 -0.786 1.185 -0.338 -0.351 -0.000 0.107 -0.113 0.000 0.000 0.000
1.157 -0.804 1.185 -0.333 -0.357 -0.000 0.102 -0.125 0.000 0.000 0.000
1.140 -0.822 1.185 -0.328 -0.363 -0.000 0.096 -0.135 0.000 0.000 0.000
1.124 -0.840 1.185 -0.323 -0.370 -0.000 0.088 -0.143 0.000 0.000 0.000
1.108 -0.859 1.185 -0.319 -0.377 -0.000 0.081 -0.149 0.000 0.000 0.000
1.092 -0.878 1.185 -0.315 -0.385 -0.000 0.072 -0.153 0.000 0.000 0.000
1.076 -0.897 1.185 -0.312 -0.393 -0.000 0.063 -0.154 0.000 0.000 0.000
1.061 -0.917 1.185 -0.309 -0.400 -0.000 0.053 -0.153 0.000 0.000 0.000
1.046 -0.937 1.185 -0.306 -0.408 -0.000 0.043 -0.149 0.000 0.000 0.000
1.030 -0.958 1.185 -0.304 -0.415 -0.000 0.033 -0.143 0.000 0.000 0.000
1.015 -0.979 1.185 -0.303 -0.422 -0.000 0.022 -0.133 0.000 0.000 0.000
1.000 -1.000 1.185 -0.302 -0.429 -0.000 0.011 -0.121 0.000 0.000 0.000
0.985 -1.022 1.185 -0.302 -0.434 0.000 -0.000 -0.107 0.000 0.000 0.000
0.970 -1.043 1.185 -0.302 -0.439 0.000 -0.012 -0.089 0.000 0.000 0.000
0.955 -1.065 1.185 -0.303 -0.443 0.000 -0.023 -0.069 0.000 0.000 0.000
0.939 -1.088 1.185 -0.305 -0.446 0.000 -0.034 -0.047 0.000 0.000 0.000
0.924 -1.110 1.185 -0.307 -0.448 0.000 -0.045 -0.023 -0.000 0.000 0.000
0.909 -1.132 1.185 -0.309 -0.448 0.000 -0.056 0.003 -0.000 0.000 0.000
0.893 -1.155 1.185 -0.312 -0.447 0.000 -0.066 0.031 -0.000 0.000 0.000
0.878 -1.177 1.185 -0.316 -0.445 0.000 -0.076 0.060 -0.000 0.000 0.000
0.862 -1.199 1.185 -0.320 -0.441 0.000 -0.086 0.090 -0.000 0.000 0.000
0.846 -1.221 1.185 -0.324 -0.436 0.000 -0.096 0.120 -0.000 0.000 0.000
0.829 -1.243 1.185 -0.329 -0.429 0.000 -0.104 0.151 -0.000 0.000 0.000
0.813 -1.264 1.185 -0.335 -0.421 0.000 -0.113 0.182 -0.000 0.000 0.000
0.796 -1.285 1.185 -0.341 -0.411 0.000 -0.120 0.213 -0.000 0.000 0.000
0.779 -1.305 1.185 -0.347 -0.400 0.000 -0.127 0.243 -0.000 0.000 0.000
0.761 -1.325 1.185 -0.353 -0.387 0.000 -0.134 0.271 -0.000 0.000 0.000
0.743 -1.344 1.185 -0.360 -0.373 0.000 -0.139 0.299 -0.000 0.000 0.000
0.725 -1.362 1.185 -0.367 -0.357 0.000 -0.144 0.324 -0.000 0.000 0.000
0.707 -1.380 1.185 -0.375 -0.340 0.000 -0.148 0.348 -0.000 0.000 0.000
0.688 -1.396 1.185 -0.382 -0.322 0.000 -0.152 0.369 -0.000 0.000 0.000
0.668 -1.412 1.185 -0.390 -0.303 0.000 -0.154 0.387 -0.000 0.000 0.000
0.649 -1.427 1.185 -0.397 -0.284 0.000 -0.156 0.403 -0.000 0.000 0.000
0.629 -1.440 1.185 -0.405 -0.263 0.000 -0.157 0.416 -0.000 0.000 0.000
0.608 -1.453 1.185 -0.413 -0.242 -0.000 -0.157 0.425 -0.000 0.000 0.000
0.587 -1.464 1.185 -0.421 -0.221 -0.000 -0.156 0.431 -0.000 0.000 0.000
0.566 -1.475 1.185 -0.429 -0.199 -0.000 -0.154 0.433 -0.000 0.000 0.000
0.544 -1.484 1.185 -0.436 -0.178 -0.000 -0.152 0.432 -0.000 0.000 0.000
0.522 -1.493 1.185 -0.444 -0.156 -0.000 -0.149 0.427 -0.000 0.000 0.000
0.500 -1.500 1.185 -0.451 -0.135 -0.000 -0.145 0.418 -0.000 0.000 0.000
0.477 -1.506 1.185 -0.458 -0.114 -0.000 -0.140 0.406 -0.000 0.000 0.000
0.454 -1.511 1.185 -0.465 -0.094 -0.000 -0.135 0.391 -0.000 0.000 0.000
0.431 -1.516 1.185 -0.472 -0.075 -0.000 -0.128 0.372 -0.000 0.000 0.000
0.407 -1.519 1.185 -0.478 -0.057 -0.000 -0.122 0.351 -0.000 0.000 0.000
0.383 -1.521 1.185 -0.484 -0.040 -0.000 -0.114 0.327 -0.000 0.000 0.000
0.359 -1.523 1.185 -0.489 -0.025 -0.000 -0.107 0.301 -0.000 0.000 0.000
0.334 -1.524 1.185 -0.495 -0.010 -0.000 -0.098 0.274 -0.000 0.000 0.000
0.309 -1.524 1.185 -0.499 0.003 -0.000 -0.090 0.244 0.000 0.000 0.000
0.284 -1.524 1.185 -0.504 0.014 -0.000 -0.081 0.214 0.000 0.000 0.000
0.259 -1.523 1.185 -0.507 0.024 -0.000 -0.072 0.183 0.000 0.000 0.000
0.233 -1.521 1.185 -0.511 0.033 -0.000 -0.062 0.152 0.000 0.000 0.000
0.208 -1.519 1.185 -0.514 0.039 -0.000 -0.053 0.121 0.000 0.000 0.000
0.182 -1.517 1.185 -0.516 0.045 -0.000 -0.043 0.091 0.000 0.000 0.000
0.156 -1.515 1.185 -0.518 0.049 -0.000 -0.034 0.062 0.000 0.000 0.000
0.130 -1.512 1.185 -0.519 0.051 -0.000 -0.025 0.034 0.000 0.000 0.000
0.104 -1.510 1.185 -0.520 0.052 -0.000 -0.016 0.007 0.000 0.000 0.000
0.078 -1.507 1.185 -0.521 0.052 -0.000 -0.007 -0.017 0.000 0.000 0.000
0.052 -1.505 1.185 -0.521 0.050 -0.000 0.002 -0.038 0.000 0.000 0.000
0.026 -1.502 1.185 -0.521 0.048 -0.000 0.010 -0.058 0.000 0.000 0.000
-0.000 -1.500 1.185 -0.520 0.045 -0.000 0.017 -0.074 0.000 0.000 0.000
-0.026 -1.498 1.185 -0.519 0.041 0.000 0.024 -0.088 0.000 0.000 0.000
-0.052 -1.496 1.185 -0.518 0.036 0.000 0.031 -0.098 0.000 0.000 0.000
-0.078 -1.494 1.185 -0.516 0.031 0.000 0.036 -0.106 0.000 0.000 0.000
-0.104 -1.493 1.185 -0.514 0.025 0.000 0.041 -0.111 0.000 0.000 0.000
-0.129 -1.492 1.185 -0.512 0.020 0.000 0.045 -0.113 0.000 0.000 0.000
-0.155 -1.491 1.185 -0.510 0.014 0.000 0.049 -0.113 0.000 0.000 0.000
-0.180 -1.490 1.185 -0.507 0.008 0.000 0.051 -0.110 0.000 0.000 0.000
-0.205 -1.490 1.185 -0.505 0.003 0.000 0.053 -0.105 0.000 0.000 0.000
-0.231 -1.490 1.185 -0.502 -0.002 0.000 0.053 -0.098 -0.000 0.000 0.000
-0.256 -1.490 1.185 -0.499 -0.007 0.000 0.053 -0.089 -0.000 0.000 0.000
-0.281 -1.491 1.185 -0.497 -0.011 0.000 0.051 -0.079 -0.000 0.000 0.000
-0.305 -1.491 1.185 -0.494 -0.015 0.000 0.049 -0.068 -0.000 0.000 0.000
-0.330 -1.492 1.185 -0.492 -0.018 0.000 0.046 -0.056 -0.000 0.000 0.000
-0.355 -1.493 1.185 -0.490 -0.020 0.000 0.042 -0.044 -0.000 0.000 0.000
-0.379 -1.494 1.185 -0.488 -0.022 0.000 0.037 -0.031 -0.000 0.000 0.000
-0.403 -1.495 1.185 -0.486 -0.023 0.000 0.032 -0.018 -0.000 0.000 0.000
-0.428 -1.496 1.185 -0.484 -0.024 0.000 0.025 -0.006 -0.000 0.000 0.000
-0.452 -1.498 1.185 -0.483 -0.024 0.000 0.018 0.005 -0.000 0.000 0.000
-0.476 -1.499 1.185 -0.483 -0.023 0.000 0.011 0.016 -0.000 0.000 0.000
-0.500 -1.500 1.185 -0.482 -0.022 0.000 0.003 0.026 -0.000 0.000 0.000
-0.524 -1.501 1.185 -0.482 -0.021 0.000 -0.005 0.034 -0.000 0.000 0.000
-0.548 -1.502 1.185 -0.483 -0.019 0.000 -0.014 0.042 -0.000 0.000 0.000
-0.572 -1.503 1.185 -0.484 -0.017 0.000 -0.022 0.048 -0.000 0.000 0.000
-0.597 -1.504 1.185 -0.485 -0.014 0.000 -0.030 0.052 -0.000 0.000 0.000
-0.621 -1.504 1.185 -0.487 -0.011 0.000 -0.037 0.055 -0.000 0.000 0.000
-0.645 -1.505 1.185 -0.489 -0.009 0.000 -0.044 0.057 -0.000 0.000 0.000
-0.670 -1.505 1.185 -0.491 -0.006 0.000 -0.050 0.057 -0.000 0.000 0.000
-0.694 -1.505 1.185 -0.494 -0.003 0.000 -0.055 0.056 -0.000 0.000 0.000
-0.719 -1.506 1.185 -0.497 -0.000 0.000 -0.058 0.054 -0.000 0.000 0.000
-0.744 -1.505 1.185 -0.500 0.002 0.000 -0.060 0.051 -0.000 0.000 0.000
-0.769 -1.505 1.185 -0.503 0.005 0.000 -0.061 0.047 -0.000 0.000 0.000
-0.794 -1.505 1.185 -0.506 0.007 0.000 -0.060 0.043 -0.000 0.000 0.000
-0.820 -1.505 1.185 -0.509 0.009 0.000 -0.056 0.037 -0.000 0.000 0.000
-0.845 -1.504 1.185 -0.511 0.011 0.000 -0.051 0.031 -0.000 0.000 0.000
-0.871 -1.504 1.185 -0.514 0.012 0.000 -0.044 0.025 -0.000 0.000 0.000
-0.897 -1.503 1.185 -0.516 0.013 0.000 -0.034 0.019 -0.000 0.000 0.000
-0.922 -1.502 1.185 -0.517 0.014 0.000 -0.022 0.012 -0.000 0.000 0.000
-0.948 -1.501 1.185 -0.518 0.015 0.000 -0.008 0.006 -0.000 0.000 0.000
-0.974 -1.501 1.185 -0.518 0.015 0.000 0.008 -0.000 -0.000 0.000 0.000
-1.000 -1.500 1.185 -0.517 0.015 -0.000 0.027 -0.006 -0.000 0.000 0.000
-1.026 -1.499 1.185 -0.515 0.014 -0.000 0.048 -0.011 0.000 0.000 0.000
-1.051 -1.499 1.185 -0.512 0.013 -0.000 0.070 -0.016 0.000 0.000 0.000
-1.077 -1.498 1.185 -0.508 0.013 -0.000 0.094 -0.020 0.000 0.000 0.000
-1.102 -1.497 1.185 -0.503 0.011 -0.000 0.120 -0.023 0.000 0.000 0.000
-1.127 -1.497 1.185 -0.496 0.010 -0.000 0.146 -0.026 0.000 0.000 0.000
-1.152 -1.496 1.185 -0.488 0.009 0.000 0.174 -0.028 0.000 0.000 0.000
-1.176 -1.496 1.185 -0.479 0.007 0.000 0.202 -0.030 0.000 0.000 0.000
-1.200 -1.496 1.185 -0.468 0.006 0.000 0.230 -0.031 0.000 0.000 0.000
-1.223 -1.495 1.185 -0.456 0.004 0.000 0.258 -0.031 0.000 0.000 0.000
-1.245 -1.495 1.185 -0.442 0.003 0.000 0.286 -0.030 0.000 0.000 0.000
-1.267 -1.495 1.185 -0.427 0.001 0.000 0.312 -0.029 0.000 0.000 0.000
-1.288 -1.495 1.185 -0.411 -0.000 0.000 0.337 -0.027 0.000 0.000 0.000
-1.308 -1.495 1.185 -0.393 -0.001 0.000 0.360 -0.025 0.000 0.000 0.000
-1.327 -1.495 1.185 -0.375 -0.003 0.000 0.382 -0.023 0.000 0.000 0.000
-1.345 -1.495 1.185 -0.355 -0.004 0.000 0.400 -0.020 0.000 0.000 0.000
-1.363 -1.496 1.185 -0.335 -0.005 0.000 0.417 -0.017 0.000 0.000 0.000
-1.379 -1.496 1.185 -0.314 -0.005 0.000 0.430 -0.014 -0.000 0.000 0.000
-1.394 -1.496 1.185 -0.292 -0.006 0.000 0.439 -0.011 -0.000 0.000 0.000
-1.408 -1.496 1.185 -0.270 -0.006 0.000 0.446 -0.007 -0.000 0.000 0.000
-1.421 -1.497 1.185 -0.247 -0.007 0.000 0.448 -0.004 -0.000 0.000 0.000
-1.433 -1.497 1.185 -0.225 -0.007 0.000 0.447 -0.001 -0.000 0.000 0.000
-1.444 -1.497 1.185 -0.203 -0.007 0.000 0.442 0.002 -0.000 0.000 0.000
-1.453 -1.498 1.185 -0.181 -0.007 0.000 0.433 0.005 -0.000 0.000 0.000
-1.462 -1.498 1.185 -0.160 -0.006 0.000 0.419 0.007 -0.000 0.000 0.000
-1.469 -1.498 1.185 -0.139 -0.006 0.000 0.402 0.009 -0.000 0.000 0.000
-1.476 -1.499 1.185 -0.119 -0.006 0.000 0.382 0.010 -0.000 0.000 0.000
-1.481 -1.499 1.185 -0.101 -0.005 0.000 0.357 0.012 -0.000 0.000 0.000
-1.486 -1.499 1.185 -0.084 -0.004 0.000 0.330 0.012 -0.000 0.000 0.000
-1.489 -1.499 1.185 -0.068 -0.004 0.000 0.300 0.013 -0.000 0.000 0.000
-1.493 -1.500 1.185 -0.054 -0.003 0.000 0.267 0.013 -0.000 0.000 0.000
-1.495 -1.500 1.185 -0.041 -0.003 0.000 0.233 0.012 -0.000 0.000 0.000
-1.497 -1.500 1.185 -0.030 -0.002 0.000 0.198 0.011 0.000 0.000 0.000
-1.498 -1.500 1.185 -0.021 -0.001 0.000 0.163 0.010 0.000 0.000 0.000
-1.499 -1.500 1.185 -0.014 -0.001 0.000 0.128 0.008 0.000 0.000 0.000
-1.499 -1.500 1.185 -0.009 -0.001 0.000 0.095 0.006 0.000 0.000 0.000
-1.500 -1.500 1.185 -0.005 -0.000 0.000 0.065 0.005 0.000 0.000 0.000
-1.500 -1.500 1.185 -0.002 -0.000 0.000 0.039 0.003 0.000 0.000 0.000
-1.500 -1.500 1.185 -0.001 -0.000 0.000 0.018 0.001 0.000 0.000 0.000
-1.500 -1.500 1.185 -0.000 -0.000 0.000 0.005 0.000 0.000 0.000 0.000
-1.500 -1.500 1.185 0.000 -0.000 0.000 0.000 0.000 0.000 0.000 0.000
-1.500 -1.500 0.685 -0.000 -0.000 -0.000 -0.000 -0.000 -0.001 0.000 0.000
-1.500 -1.500 0.685 -0.000 -0.000 -0.000 -0.000 -0.000 -0.003 0.000 0.000
-1.500 -1.500 0.685 -0.000 -0.000 -0.000 -0.000 -0.000 -0.007 0.000 0.000
-1.500 -1.500 0.685 -0.000 -0.000 -0.001 -0.000 -0.000 -0.011 0.000 0.000
-1.500 -1.500 0.685 -0.000 -0.000 -0.002 -0.000 -0.000 -0.017 0.000 0.000
-1.500 -1.500 0.685 -0.000 -0.000 -0.003 -0.000 -0.000 -0.024 0.000 0.000
-1.500 -1.500 0.685 -0.000 -0.000 -0.004 -0.000 -0.000 -0.031 0.000 0.000
-1.500 -1.500 0.684 -0.000 -0.000 -0.006 -0.000 -0.000 -0.038 0.000 0.000
-1.500 -1.500 0.684 -0.000 -0.000 -0.008 -0.000 -0.000 -0.046 0.000 0.000
-1.500 -1.500 0.684 -0.000 -0.000 -0.010 -0.000 -0.000 -0.054 0.000 0.000
-1.500 -1.500 0.683 -0.000 -0.000 -0.013 -0.000 -0.000 -0.063 0.000 0.000
-1.500 -1.500 0.682 -0.000 -0.000 -0.016 -0.000 -0.000 -0.071 0.000 0.000
-1.500 -1.500 0.681 -0.000 -0.000 -0.020 -0.000 -0.000 -0.080 0.000 0.000
-1.500 -1.500 0.680 -0.000 -0.000 -0.024 -0.000 -0.000 -0.088 0.000 0.000
-1.500 -1.500 0.679 -0.000 -0.000 -0.029 -0.000 -0.000 -0.096 0.000 0.000
-1.500 -1.500 0.677 -0.000 -0.000 -0.034 -0.000 -0.000 -0.103 0.000 0.000
-1.500 -1.500 0.676 -0.000 -0.000 -0.039 -0.000 -0.000 -0.110 0.000 0.000
-1.500 -1.500 0.673 -0.000 -0.000 -0.045 -0.000 -0.000 -0.117 0.000 0.000
-1.500 -1.500 0.671 -0.000 -0.000 -0.051 -0.000 -0.000 -0.123 0.000 0.000
-1.500 -1.500 0.668 -0.000 -0.000 -0.057 -0.000 -0.000 -0.129 0.000 0.000
-1.500 -1.500 0.665 -0.000 -0.000 -0.064 -0.000 -0.000 -0.134 0.000 0.000
-1.500 -1.500 0.662 -0.000 -0.000 -0.071 -0.000 -0.000 -0.139 0.000 0.000
-1.500 -1.500 0.658 -0.000 -0.000 -0.078 -0.000 -0.000 -0.142 0.000 0.000
-1.500 -1.500 0.654 -0.000 -0.000 -0.085 -0.000 -0.000 -0.145 0.000 0.000
-1.500 -1.500 0.650 -0.000 -0.000 -0.092 -0.000 -0.000 -0.148 0.000 0.000
-1.500 -1.500 0.645 -0.000 -0.000 -0.100 0.000 0.000 -0.149 0.000 0.000
-1.500 -1.500 0.640 -0.000 -0.000 -0.107 0.000 0.000 -0.150 0.000 0.000
-1.500 -1.500 0.634 -0.000 -0.000 -0.115 0.000 0.000 -0.150 0.000 0.000
-1.500 -1.500 0.628 -0.000 -0.000 -0.122 0.000 0.000 -0.150 0.000 0.000
-1.500 -1.500 0.622 -0.000 -0.000 -0.130 0.000 0.000 -0.148 0.000 0.000
-1.500 -1.500 0.615 -0.000 -0.000 -0.137 0.000 0.000 -0.146 0.000 0.000
-1.500 -1.500 0.608 -0.000 -0.000 -0.144 0.000 0.000 -0.143 0.000 0.000
-1.500 -1.500 0.601 -0.000 -0.000 -0.151 0.000 0.000 -0.140 0.000 0.000
-1.500 -1.500 0.593 -0.000 -0.000 -0.158 0.000 0.000 -0.135 0.000 0.000
-1.500 -1.500 0.585 -0.000 -0.000 -0.165 0.000 0.000 -0.130 0.000 0.000
-1.500 -1.500 0.577 -0.000 -0.000 -0.171 0.000 0.000 -0.125 0.000 0.000
-1.500 -1.500 0.568 0.000 0.000 -0.177 0.000 0.000 -0.119 0.000 0.000
-1.500 -1.500 0.559 0.000 0.000 -0.183 0.000 0.000 -0.112 0.000 0.000
-1.500 -1.500 0.550 0.000 0.000 -0.189 0.000 0.000 -0.105 0.000 0.000
-1.500 -1.500 0.540 0.000 0.000 -0.194 0.000 0.000 -0.097 0.000 0.000
-1.500 -1.500 0.530 0.000 0.000 -0.198 0.000 0.000 -0.088 0.000 0.000
-1.500 -1.500 0.520 0.000 0.000 -0.202 0.000 0.000 -0.080 0.000 0.000
-1.500 -1.500 0.510 0.000 0.000 -0.206 0.000 0.000 -0.071 0.000 0.000
-1.500 -1.500 0.500 0.000 0.000 -0.209 0.000 0.000 -0.061 0.000 0.000
-1.500 -1.500 0.489 0.000 0.000 -0.212 0.000 0.000 -0.051 0.000 0.000
-1.500 -1.500 0.478 0.000 0.000 -0.215 0.000 0.000 -0.041 0.000 0.000
-1.500 -1.500 0.468 0.000 0.000 -0.216 0.000 0.000 -0.031 0.000 0.000
-1.500 -1.500 0.457 0.000 0.000 -0.218 0.000 0.000 -0.021 0.000 0.000
-1.500 -1.500 0.446 0.000 0.000 -0.218 0.000 0.000 -0.010 0.000 0.000
-1.500 -1.500 0.435 0.000 0.000 -0.219 0.000 0.000 0.000 0.000 0.000
-1.500 -1.500 0.424 0.000 0.000 -0.218 0.000 0.000 0.010 0.000 0.000
-1.500 -1.500 0.413 0.000 0.000 -0.218 0.000 0.000 0.021 0.000 0.000
-1.500 -1.500 0.402 0.000 0.000 -0.216 0.000 0.000 0.031 0.000 0.000
-1.500 -1.500 0.392 0.000 0.000 -0.215 0.000 0.000 0.041 0.000 0.000
-1.500 -1.500 0.381 0.000 0.000 -0.212 0.000 0.000 0.051 0.000 0.000
-1.500 -1.500 0.370 0.000 0.000 -0.209 0.000 0.000 0.061 0.000 0.000
-1.500 -1.500 0.360 0.000 0.000 -0.206 0.000 0.000 0.071 0.000 0.000
-1.500 -1.500 0.350 0.000 0.000 -0.202 0.000 0.000 0.080 0.000 0.000
-1.500 -1.500 0.340 0.000 0.000 -0.198 0.000 0.000 0.088 0.000 0.000
-1.500 -1.500 0.330 0.000 0.000 -0.194 0.000 0.000 0.097 0.000 0.000
-1.500 -1.500 0.320 0.000 0.000 -0.189 0.000 0.000 0.105 0.000 0.000
-1.500 -1.500 0.311 0.000 0.000 -0.183 0.000 0.000 0.112 0.000 0.000
-1.500 -1.500 0.302 0.000 0.000 -0.177 0.000 0.000 0.119 0.000 0.000
-1.500 -1.500 0.293 0.000 0.000 -0.171 0.000 0.000 0.125 0.000 0.000
-1.500 -1.500 0.285 0.000 0.000 -0.165 -0.000 -0.000 0.130 0.000 0.000
-1.500 -1.500 0.277 0.000 0.000 -0.158 -0.000 -0.000 0.135 0.000 0.000
-1.500 -1.500 0.269 0.000 0.000 -0.151 -0.000 -0.000 0.140 0.000 0.000
-1.500 -1.500 0.262 0.000 0.000 -0.144 -0.000 -0.000 0.143 0.000 0.000
-1.500 -1.500 0.255 0.000 0.000 -0.137 -0.000 -0.000 0.146 0.000 0.000
-1.500 -1.500 0.248 0.000 0.000 -0.130 -0.000 -0.000 0.148 0.000 0.000
-1.500 -1.500 0.242 0.000 0.000 -0.122 -0.000 -0.000 0.150 0.000 0.000
-1.500 -1.500 0.236 0.000 0.000 -0.115 -0.000 -0.000 0.150 0.000 0.000
-1.500 -1.500 0.230 0.000 0.000 -0.107 -0.000 -0.000 0.150 0.000 0.000
-1.500 -1.500 0.225 0.000 0.000 -0.100 -0.000 -0.000 0.149 0.000 0.000
-1.500 -1.500 0.220 0.000 0.000 -0.092 -0.000 -0.000 0.148 0.000 0.000
-1.500 -1.500 0.216 0.000 0.000 -0.085 -0.000 -0.000 0.145 0.000 0.000
-1.500 -1.500 0.212 0.000 0.000 -0.078 -0.000 -0.000 0.142 0.000 0.000
-1.500 -1.500 0.208 0.000 0.000 -0.071 -0.000 -0.000 0.139 0.000 0.000
-1.500 -1.500 0.205 0.000 0.000 -0.064 -0.000 -0.000 0.134 0.000 0.000
-1.500 -1.500 0.202 0.000 0.000 -0.057 -0.000 -0.000 0.129 0.000 0.000
-1.500 -1.500 0.199 -0.000 -0.000 -0.051 -0.000 -0.000 0.123 0.000 0.000
-1.500 -1.500 0.197 -0.000 -0.000 -0.045 -0.000 -0.000 0.117 0.000 0.000
-1.500 -1.500 0.194 -0.000 -0.000 -0.039 -0.000 -0.000 0.110 0.000 0.000
-1.500 -1.500 0.193 -0.000 -0.000 -0.034 -0.000 -0.000 0.103 0.000 0.000
-1.500 -1.500 0.191 -0.000 -0.000 -0.029 -0.000 -0.000 0.096 0.000 0.000
-1.500 -1.500 0.190 -0.000 -0.000 -0.024 -0.000 -0.000 0.088 0.000 0.000
-1.500 -1.500 0.189 -0.000 -0.000 -0.020 -0.000 -0.000 0.080 0.000 0.000
-1.500 -1.500 0.188 -0.000 -0.000 -0.016 -0.000 -0.000 0.071 0.000 0.000
-1.500 -1.500 0.187 -0.000 -0.000 -0.013 -0.000 -0.000 0.063 0.000 0.000
-1.500 -1.500 0.186 -0.000 -0.000 -0.010 -0.000 -0.000 0.054 0.000 0.000
-1.500 -1.500 0.186 -0.000 -0.000 -0.008 -0.000 -0.000 0.046 0.000 0.000
-1.500 -1.500 0.186 -0.000 -0.000 -0.006 -0.000 -0.000 0.038 0.000 0.000
-1.500 -1.500 0.185 -0.000 -0.000 -0.004 -0.000 -0.000 0.031 0.000 0.000
-1.500 -1.500 0.185 -0.000 -0.000 -0.003 -0.000 -0.000 0.024 0.000 0.000
-1.500 -1.500 0.185 -0.000 -0.000 -0.002 -0.000 -0.000 0.017 0.000 0.000
-1.500 -1.500 0.185 -0.000 -0.000 -0.001 -0.000 -0.000 0.011 0.000 0.000
-1.500 -1.500 0.185 -0.000 -0.000 -0.000 -0.000 -0.000 0.007 0.000 0.000
-1.500 -1.500 0.185 -0.000 -0.000 -0.000 -0.000 -0.000 0.003 0.000 0.000
-1.500 -1.500 0.185 -0.000 -0.000 -0.000 -0.000 -0.000 0.001 0.000 0.000
-1.500 -1.500 0.185 -0.000 -0.000 -0.000 -0.000 -0.000 -0.000 0.000 0.000
