-1.500 1.500 0.185 -0.000 0.000 0.000 0.000 -0.000 0.002 0.000 0.000
-1.500 1.500 0.185 -0.000 0.000 0.000 0.000 -0.000 0.006 0.000 0.000
-1.500 1.500 0.185 -0.000 0.000 0.001 0.000 -0.000 0.013 0.000 0.000
-1.500 1.500 0.185 -0.000 0.000 0.002 0.000 -0.000 0.023 0.000 0.000
-1.500 1.500 0.185 -0.000 0.000 0.003 0.000 -0.000 0.034 0.000 0.000
-1.500 1.500 0.185 -0.000 0.000 0.005 0.000 -0.000 0.047 0.000 0.000
-1.500 1.500 0.186 -0.000 0.000 0.008 0.000 -0.000 0.061 0.000 0.000
-1.500 1.500 0.186 -0.000 0.000 0.011 0.000 -0.000 0.076 0.000 0.000
-1.500 1.500 0.187 -0.000 0.000 0.015 0.000 -0.000 0.092 0.000 0.000
-1.500 1.500 0.188 -0.000 0.000 0.020 0.000 -0.000 0.109 0.000 0.000
-1.500 1.500 0.189 -0.000 0.000 0.026 0.000 -0.000 0.126 0.000 0.000
-1.500 1.500 0.190 -0.000 0.000 0.033 0.000 -0.000 0.142 0.000 0.000
-1.500 1.500 0.192 0.000 -0.000 0.041 0.000 -0.000 0.159 0.000 0.000
-1.500 1.500 0.194 0.000 -0.000 0.049 0.000 -0.000 0.175 0.000 0.000
-1.500 1.500 0.197 0.000 -0.000 0.058 0.000 -0.000 0.191 0.000 0.000
-1.500 1.500 0.200 0.000 -0.000 0.068 0.000 -0.000 0.206 0.000 0.000
-1.500 1.500 0.204 0.000 -0.000 0.079 0.000 -0.000 0.221 0.000 0.000
-1.500 1.500 0.208 0.000 -0.000 0.090 0.000 -0.000 0.234 0.000 0.000
-1.500 1.500 0.213 0.000 -0.000 0.102 0.000 -0.000 0.247 0.000 0.000
-1.500 1.500 0.218 0.000 -0.000 0.115 0.000 -0.000 0.258 0.000 0.000
-1.500 1.500 0.224 0.000 -0.000 0.128 0.000 -0.000 0.268 0.000 0.000
-1.500 1.500 0.231 0.000 -0.000 0.141 0.000 -0.000 0.277 0.000 0.000
-1.500 1.500 0.239 0.000 -0.000 0.156 0.000 -0.000 0.285 0.000 0.000
-1.500 1.500 0.247 0.000 -0.000 0.170 0.000 -0.000 0.291 0.000 0.000
-1.500 1.500 0.256 0.000 -0.000 0.185 0.000 -0.000 0.295 0.000 0.000
-1.500 1.500 0.265 0.000 -0.000 0.199 0.000 -0.000 0.299 0.000 0.000
-1.500 1.500 0.276 0.000 -0.000 0.214 0.000 -0.000 0.300 0.000 0.000
-1.500 1.500 0.287 0.000 -0.000 0.229 0.000 -0.000 0.300 0.000 0.000
-1.500 1.500 0.298 0.000 -0.000 0.244 0.000 -0.000 0.299 0.000 0.000
-1.500 1.500 0.311 0.000 -0.000 0.259 0.000 -0.000 0.296 0.000 0.000
-1.500 1.500 0.324 0.000 -0.000 0.274 0.000 -0.000 0.292 0.000 0.000
-1.500 1.500 0.338 0.000 -0.000 0.288 0.000 -0.000 0.286 0.000 0.000
-1.500 1.500 0.353 0.000 -0.000 0.303 0.000 -0.000 0.279 0.000 0.000
-1.500 1.500 0.369 0.000 -0.000 0.316 0.000 -0.000 0.271 0.000 0.000
-1.500 1.500 0.385 0.000 -0.000 0.330 -0.000 0.000 0.261 0.000 0.000
-1.500 1.500 0.402 0.000 -0.000 0.342 -0.000 0.000 0.250 0.000 0.000
-1.500 1.500 0.419 0.000 -0.000 0.355 -0.000 0.000 0.237 0.000 0.000
-1.500 1.500 0.437 0.000 -0.000 0.366 -0.000 0.000 0.224 0.000 0.000
-1.500 1.500 0.456 0.000 -0.000 0.377 -0.000 0.000 0.209 0.000 0.000
-1.500 1.500 0.475 0.000 -0.000 0.387 -0.000 0.000 0.194 0.000 0.000
-1.500 1.500 0.494 0.000 -0.000 0.396 -0.000 0.000 0.177 0.000 0.000
-1.500 1.500 0.514 0.000 -0.000 0.405 -0.000 0.000 0.160 0.000 0.000
-1.500 1.500 0.535 0.000 -0.000 0.412 -0.000 0.000 0.141 0.000 0.000
-1.500 1.500 0.556 0.000 -0.000 0.419 -0.000 0.000 0.122 0.000 0.000
-1.500 1.500 0.577 0.000 -0.000 0.425 -0.000 0.000 0.103 0.000 0.000
-1.500 1.500 0.598 0.000 -0.000 0.429 -0.000 0.000 0.083 0.000 0.000
-1.500 1.500 0.620 0.000 -0.000 0.433 -0.000 0.000 0.063 0.000 0.000
-1.500 1.500 0.641 0.000 -0.000 0.435 -0.000 0.000 0.042 0.000 0.000
-1.500 1.500 0.663 0.000 -0.000 0.437 -0.000 0.000 0.021 0.000 0.000
-1.500 1.500 0.685 0.000 -0.000 0.438 -0.000 0.000 0.000 0.000 0.000
-1.500 1.500 0.707 0.000 -0.000 0.437 0.000 -0.000 -0.021 0.000 0.000
-1.500 1.500 0.729 0.000 -0.000 0.435 0.000 -0.000 -0.042 0.000 0.000
-1.500 1.500 0.750 0.000 -0.000 0.433 0.000 -0.000 -0.063 0.000 0.000
-1.500 1.500 0.772 0.000 -0.000 0.429 0.000 -0.000 -0.083 0.000 0.000
-1.500 1.500 0.793 0.000 -0.000 0.425 0.000 -0.000 -0.103 0.000 0.000
-1.500 1.500 0.814 0.000 -0.000 0.419 0.000 -0.000 -0.122 0.000 0.000
-1.500 1.500 0.835 0.000 -0.000 0.412 0.000 -0.000 -0.141 0.000 0.000
-1.500 1.500 0.856 0.000 -0.000 0.405 0.000 -0.000 -0.160 0.000 0.000
-1.500 1.500 0.876 0.000 -0.000 0.396 -0.000 0.000 -0.177 0.000 0.000
-1.500 1.500 0.895 0.000 -0.000 0.387 -0.000 0.000 -0.194 0.000 0.000
-1.500 1.500 0.914 0.000 -0.000 0.377 -0.000 0.000 -0.209 0.000 0.000
-1.500 1.500 0.933 0.000 -0.000 0.366 -0.000 0.000 -0.224 0.000 0.000
-1.500 1.500 0.951 0.000 -0.000 0.355 -0.000 0.000 -0.237 0.000 0.000
-1.500 1.500 0.968 0.000 -0.000 0.342 -0.000 0.000 -0.250 0.000 0.000
-1.500 1.500 0.985 0.000 -0.000 0.330 -0.000 0.000 -0.261 0.000 0.000
-1.500 1.500 1.001 0.000 -0.000 0.316 -0.000 0.000 -0.271 0.000 0.000
-1.500 1.500 1.017 0.000 -0.000 0.303 -0.000 0.000 -0.279 0.000 0.000
-1.500 1.500 1.032 0.000 -0.000 0.288 -0.000 0.000 -0.286 0.000 0.000
-1.500 1.500 1.046 0.000 -0.000 0.274 -0.000 0.000 -0.292 0.000 0.000
-1.500 1.500 1.059 0.000 -0.000 0.259 -0.000 0.000 -0.296 0.000 0.000
-1.500 1.500 1.072 0.000 -0.000 0.244 -0.000 0.000 -0.299 0.000 0.000
-1.500 1.500 1.083 0.000 -0.000 0.229 -0.000 0.000 -0.300 0.000 0.000
-1.500 1.500 1.094 0.000 -0.000 0.214 -0.000 0.000 -0.300 0.000 0.000
-1.500 1.500 1.105 0.000 -0.000 0.199 -0.000 0.000 -0.299 0.000 0.000
-1.500 1.500 1.114 0.000 -0.000 0.185 -0.000 0.000 -0.295 0.000 0.000
-1.500 1.500 1.123 0.000 -0.000 0.170 -0.000 0.000 -0.291 0.000 0.000
-1.500 1.500 1.131 0.000 -0.000 0.156 -0.000 0.000 -0.285 0.000 0.000
-1.500 1.500 1.139 0.000 -0.000 0.141 -0.000 0.000 -0.277 0.000 0.000
-1.500 1.500 1.146 0.000 -0.000 0.128 -0.000 0.000 -0.268 0.000 0.000
-1.500 1.500 1.152 0.000 -0.000 0.115 -0.000 0.000 -0.258 0.000 0.000
-1.500 1.500 1.157 0.000 -0.000 0.102 -0.000 0.000 -0.247 0.000 0.000
-1.500 1.500 1.162 -0.000 0.000 0.090 -0.000 0.000 -0.234 0.000 0.000
-1.500 1.500 1.166 -0.000 0.000 0.079 -0.000 0.000 -0.221 0.000 0.000
-1.500 1.500 1.170 -0.000 0.000 0.068 -0.000 0.000 -0.206 0.000 0.000
-1.500 1.500 1.173 -0.000 0.000 0.058 -0.000 0.000 -0.191 0.000 0.000
-1.500 1.500 1.176 -0.000 0.000 0.049 -0.000 0.000 -0.175 0.000 0.000
-1.500 1.500 1.178 -0.000 0.000 0.041 -0.000 0.000 -0.159 0.000 0.000
-1.500 1.500 1.180 -0.000 0.000 0.033 -0.000 0.000 -0.142 0.000 0.000
-1.500 1.500 1.181 -0.000 0.000 0.026 -0.000 0.000 -0.126 0.000 0.000
-1.500 1.500 1.182 -0.000 0.000 0.020 -0.000 0.000 -0.109 0.000 0.000
-1.500 1.500 1.183 -0.000 0.000 0.015 -0.000 0.000 -0.092 0.000 0.000
-1.500 1.500 1.184 -0.000 0.000 0.011 -0.000 0.000 -0.076 0.000 0.000
-1.500 1.500 1.184 -0.000 0.000 0.008 -0.000 0.000 -0.061 0.000 0.000
-1.500 1.500 1.185 -0.000 0.000 0.005 -0.000 0.000 -0.047 0.000 0.000
-1.500 1.500 1.185 -0.000 0.000 0.003 -0.000 0.000 -0.034 0.000 0.000
-1.500 1.500 1.185 -0.000 0.000 0.002 -0.000 0.000 -0.023 0.000 0.000
-1.500 1.500 1.185 -0.000 0.000 0.001 -0.000 0.000 -0.013 0.000 0.000
-1.500 1.500 1.185 -0.000 0.000 0.000 -0.000 0.000 -0.006 0.000 0.000
-1.500 1.500 1.185 -0.000 0.000 0.000 -0.000 0.000 -0.002 0.000 0.000
-1.500 1.500 1.185 -0.000 0.000 -0.000 0.000 -0.000 -0.000 0.000 0.000
-1.500 1.500 1.185 0.000 0.000 0.000 0.000 0.000 0.000 0.000 0.000
-1.500 1.500 1.185 0.000 0.000 0.000 0.000 0.000 0.000 0.000 0.000
-1.500 1.500 1.185 0.000 0.000 0.000 0.000 0.000 0.000 0.000 0.000
-1.500 1.500 1.185 0.000 0.000 0.000 0.000 0.000 0.000 0.000 0.000
-1.500 1.500 1.185 0.000 0.000 0.000 0.000 0.000 0.000 0.000 0.000
-1.500 1.500 1.185 0.000 0.000 0.000 0.000 0.000 0.000 0.000 0.000
-1.500 1.500 1.185 0.000 0.000 0.000 0.000 0.000 0.000 0.000 0.000
-1.500 1.500 1.185 0.000 0.000 0.000 0.000 0.000 0.000 0.000 0.000
-1.500 1.500 1.185 0.000 0.000 0.000 0.000 0.000 0.000 0.000 0.000
-1.500 1.500 1.185 0.000 0.000 0.000 0.000 0.000 0.000 0.000 0.000
-1.500 1.500 1.185 0.000 0.000 0.000 0.000 0.000 0.000 0.000 0.000
-1.500 1.500 1.185 0.000 0.000 0.000 0.000 0.000 0.000 0.000 0.000
-1.500 1.500 1.185 0.000 0.000 0.000 0.000 0.000 0.000 0.000 0.000
-1.500 1.500 1.185 0.000 0.000 0.000 0.000 0.000 0.000 0.000 0.000
-1.500 1.500 1.185 0.000 0.000 0.000 0.000 0.000 0.000 0.000 0.000
-1.500 1.500 1.185 0.000 0.000 0.000 0.000 0.000 0.000 0.000 0.000
-1.500 1.500 1.185 0.000 0.000 0.000 0.000 0.000 0.000 0.000 0.000
-1.500 1.500 1.185 0.000 0.000 0.000 0.000 0.000 0.000 0.000 0.000
-1.500 1.500 1.185 0.000 0.000 0.000 0.000 0.000 0.000 0.000 0.000
-1.500 1.500 1.185 0.000 0.000 0.000 0.000 0.000 0.000 0.000 0.000
-1.500 1.500 1.185 0.000 0.000 0.000 0.000 0.000 0.000 0.000 0.000
-1.500 1.500 1.185 0.000 0.000 0.000 0.000 0.000 0.000 0.000 0.000
-1.500 1.500 1.185 0.000 0.000 0.000 0.000 0.000 0.000 0.000 0.000
-1.500 1.500 1.185 0.000 0.000 0.000 0.000 0.000 0.000 0.000 0.000
-1.500 1.500 1.185 0.000 0.000 0.000 0.000 0.000 0.000 0.000 0.000
-1.500 1.500 1.185 0.000 0.000 0.000 0.000 0.000 0.000 0.000 0.000
-1.500 1.500 1.185 0.000 0.000 0.000 0.000 0.000 0.000 0.000 0.000
-1.500 1.500 1.185 0.000 0.000 0.000 0.000 0.000 0.000 0.000 0.000
-1.500 1.500 1.185 0.000 0.000 0.000 0.000 0.000 0.000 0.000 0.000
-1.500 1.500 1.185 0.000 0.000 0.000 0.000 0.000 0.000 0.000 0.000
-1.500 1.500 1.185 0.000 0.000 0.000 0.000 0.000 0.000 0.000 0.000
-1.500 1.500 1.185 0.000 0.000 0.000 0.000 0.000 0.000 0.000 0.000
-1.500 1.500 1.185 0.000 0.000 0.000 0.000 0.000 0.000 0.000 0.000
-1.500 1.500 1.185 0.000 0.000 0.000 0.000 0.000 0.000 0.000 0.000
-1.500 1.500 1.185 0.000 0.000 0.000 0.000 0.000 0.000 0.000 0.000
-1.500 1.500 1.185 0.000 0.000 0.000 0.000 0.000 0.000 0.000 0.000
-1.500 1.500 1.185 0.000 0.000 0.000 0.000 0.000 0.000 0.000 0.000
-1.500 1.500 1.185 0.000 0.000 0.000 0.000 0.000 0.000 0.000 0.000
-1.500 1.500 1.185 0.000 0.000 0.000 0.000 0.000 0.000 0.000 0.000
-1.500 1.500 1.185 0.000 0.000 0.000 0.000 0.000 0.000 0.000 0.000
-1.500 1.500 1.185 0.000 0.000 0.000 0.000 0.000 0.000 0.000 0.000
-1.500 1.500 1.185 0.000 0.000 0.000 0.000 0.000 0.000 0.000 0.000
-1.500 1.500 1.185 0.000 0.000 0.000 0.000 0.000 0.000 0.000 0.000
-1.500 1.500 1.185 0.000 0.000 0.000 0.000 0.000 0.000 0.000 0.000
-1.500 1.500 1.185 0.000 0.000 0.000 0.000 0.000 0.000 0.000 0.000
-1.500 1.500 1.185 0.000 0.000 0.000 0.000 0.000 0.000 0.000 0.000
-1.500 1.500 1.185 0.000 0.000 0.000 0.000 0.000 0.000 0.000 0.000
-1.500 1.500 1.185 0.000 0.000 0.000 0.000 0.000 0.000 0.000 0.000
-1.500 1.500 1.185 0.000 0.000 0.000 0.000 0.000 0.000 0.000 0.000
-1.500 1.500 1.185 0.000 0.000 0.000 0.000 0.000 0.000 0.000 0.000
-1.500 1.500 1.185 0.000 0.000 0.000 0.000 0.000 0.000 0.000 0.000
-1.500 1.500 1.185 0.000 0.000 0.000 0.000 0.000 0.000 0.000 0.000
-1.500 1.500 1.185 0.000 0.000 0.000 0.000 0.000 0.000 0.000 0.000
-1.500 1.500 1.185 0.000 0.000 0.000 0.000 0.000 0.000 0.000 0.000
-1.500 1.500 1.185 0.000 0.000 0.000 0.000 0.000 0.000 0.000 0.000
-1.500 1.500 1.185 0.000 0.000 0.000 0.000 0.000 0.000 0.000 0.000
-1.500 1.500 1.185 0.000 0.000 0.000 0.000 0.000 0.000 0.000 0.000
-1.500 1.500 1.185 0.000 0.000 0.000 0.000 0.000 0.000 0.000 0.000
-1.500 1.500 1.185 0.000 0.000 0.000 0.000 0.000 0.000 0.000 0.000
-1.500 1.500 1.185 0.000 0.000 0.000 0.000 0.000 0.000 0.000 0.000
-1.500 1.500 1.185 0.000 0.000 0.000 0.000 0.000 0.000 0.000 0.000
-1.500 1.500 1.185 0.000 0.000 0.000 0.000 0.000 0.000 0.000 0.000
-1.500 1.500 1.185 0.000 0.000 0.000 0.000 0.000 0.000 0.000 0.000
-1.500 1.500 1.185 0.000 0.000 0.000 0.000 0.000 0.000 0.000 0.000
-1.500 1.500 1.185 0.000 0.000 0.000 0.000 0.000 0.000 0.000 0.000
-1.500 1.500 1.185 0.000 0.000 0.000 0.000 0.000 0.000 0.000 0.000
-1.500 1.500 1.185 0.000 0.000 0.000 0.000 0.000 0.000 0.000 0.000
-1.500 1.500 1.185 0.000 0.000 0.000 0.000 0.000 0.000 0.000 0.000
-1.500 1.500 1.185 0.000 0.000 0.000 0.000 0.000 0.000 0.000 0.000
-1.500 1.500 1.185 0.000 0.000 0.000 0.000 0.000 0.000 0.000 0.000
-1.500 1.500 1.185 0.000 0.000 0.000 0.000 0.000 0.000 0.000 0.000
-1.500 1.500 1.185 0.000 0.000 0.000 0.000 0.000 0.000 0.000 0.000
-1.500 1.500 1.185 0.000 0.000 0.000 0.000 0.000 0.000 0.000 0.000
-1.500 1.500 1.185 0.000 0.000 0.000 0.000 0.000 0.000 0.000 0.000
-1.500 1.500 1.185 0.000 0.000 0.000 0.000 0.000 0.000 0.000 0.000
-1.500 1.500 1.185 0.000 0.000 0.000 0.000 0.000 0.000 0.000 0.000
-1.500 1.500 1.185 0.000 0.000 0.000 0.000 0.000 0.000 0.000 0.000
-1.500 1.500 1.185 0.000 0.000 0.000 0.000 0.000 0.000 0.000 0.000
-1.500 1.500 1.185 0.000 0.000 0.000 0.000 0.000 0.000 0.000 0.000
-1.500 1.500 1.185 0.000 0.000 0.000 0.000 0.000 0.000 0.000 0.000
-1.500 1.500 1.185 0.000 0.000 0.000 0.000 0.000 0.000 0.000 0.000
-1.500 1.500 1.185 0.000 0.000 0.000 0.000 0.000 0.000 0.000 0.000
-1.500 1.500 1.185 0.000 0.000 0.000 0.000 0.000 0.000 0.000 0.000
-1.500 1.500 1.185 0.000 0.000 0.000 0.000 0.000 0.000 0.000 0.000
-1.500 1.500 1.185 0.000 0.000 0.000 0.000 0.000 0.000 0.000 0.000
-1.500 1.500 1.185 0.000 0.000 0.000 0.000 0.000 0.000 0.000 0.000
-1.500 1.500 1.185 0.000 0.000 0.000 0.000 0.000 0.000 0.000 0.000
-1.500 1.500 1.185 0.000 0.000 0.000 0.000 0.000 0.000 0.000 0.000
-1.500 1.500 1.185 0.000 0.000 0.000 0.000 0.000 0.000 0.000 0.000
-1.500 1.500 1.185 0.000 0.000 0.000 0.000 0.000 0.000 0.000 0.000
-1.500 1.500 1.185 0.000 0.000 0.000 0.000 0.000 0.000 0.000 0.000
-1.500 1.500 1.185 0.000 0.000 0.000 0.000 0.000 0.000 0.000 0.000
-1.500 1.500 1.185 0.000 0.000 0.000 0.000 0.000 0.000 0.000 0.000
-1.500 1.500 1.185 0.000 0.000 0.000 0.000 0.000 0.000 0.000 0.000
-1.500 1.500 1.185 0.000 0.000 0.000 0.000 0.000 0.000 0.000 0.000
-1.500 1.500 1.185 0.000 0.000 0.000 0.000 0.000 0.000 0.000 0.000
-1.500 1.500 1.185 0.000 0.000 0.000 0.000 0.000 0.000 0.000 0.000
-1.500 1.500 1.185 0.000 0.000 0.000 0.000 0.000 0.000 0.000 0.000
-1.500 1.500 1.185 0.000 0.000 0.000 0.000 0.000 0.000 0.000 0.000
-1.500 1.500 1.185 0.000 0.000 0.000 0.000 0.000 0.000 0.000 0.000
-1.500 1.500 1.185 0.000 0.000 0.000 0.000 0.000 0.000 0.000 0.000
-1.500 1.500 1.185 0.000 0.000 0.000 0.000 0.000 0.000 0.000 0.000
-1.500 1.500 1.185 0.000 0.000 0.000 0.000 0.000 0.000 0.000 0.000
-1.500 1.500 1.185 0.000 0.000 0.000 0.000 0.000 0.000 0.000 0.000
-1.500 1.500 1.185 0.000 0.000 0.000 0.000 0.000 0.000 0.000 0.000
-1.500 1.500 1.185 0.000 0.000 0.000 0.000 0.000 0.000 0.000 0.000
-1.500 1.500 1.185 0.000 0.000 0.000 0.000 0.000 0.000 0.000 0.000
-1.500 1.500 1.185 0.000 0.000 0.000 0.000 0.000 0.000 0.000 0.000
-1.500 1.500 1.185 0.000 0.000 0.000 0.000 0.000 0.000 0.000 0.000
-1.500 1.500 1.185 0.000 0.000 0.000 0.000 0.000 0.000 0.000 0.000
-1.500 1.500 1.185 0.000 0.000 0.000 0.000 0.000 0.000 0.000 0.000
-1.500 1.500 1.185 0.000 0.000 0.000 0.000 0.000 0.000 0.000 0.000
-1.500 1.500 1.185 0.000 0.000 0.000 0.000 0.000 0.000 0.000 0.000
-1.500 1.500 1.185 0.000 0.000 0.000 0.000 0.000 0.000 0.000 0.000
-1.500 1.500 1.185 0.000 0.000 0.000 0.000 0.000 0.000 0.000 0.000
-1.500 1.500 1.185 0.000 0.000 0.000 0.000 0.000 0.000 0.000 0.000
-1.500 1.500 1.185 0.000 0.000 0.000 0.000 0.000 0.000 0.000 0.000
-1.500 1.500 1.185 0.000 0.000 0.000 0.000 0.000 0.000 0.000 0.000
-1.500 1.500 1.185 0.000 0.000 0.000 0.000 0.000 0.000 0.000 0.000
-1.500 1.500 1.185 0.000 0.000 0.000 0.000 0.000 0.000 0.000 0.000
-1.500 1.500 1.185 0.000 0.000 0.000 0.000 0.000 0.000 0.000 0.000
-1.500 1.500 1.185 0.000 0.000 0.000 0.000 0.000 0.000 0.000 0.000
-1.500 1.500 1.185 0.000 0.000 0.000 0.000 0.000 0.000 0.000 0.000
-1.500 1.500 1.185 0.000 0.000 0.000 0.000 0.000 0.000 0.000 0.000
-1.500 1.500 1.185 0.000 0.000 0.000 0.000 0.000 0.000 0.000 0.000
-1.500 1.500 1.185 0.000 0.000 0.000 0.000 0.000 0.000 0.000 0.000
-1.500 1.500 1.185 0.000 0.000 0.000 0.000 0.000 0.000 0.000 0.000
-1.500 1.500 1.185 0.000 0.000 0.000 0.000 0.000 0.000 0.000 0.000
-1.500 1.500 1.185 0.000 0.000 0.000 0.000 0.000 0.000 0.000 0.000
-1.500 1.500 1.185 0.000 0.000 0.000 0.000 0.000 0.000 0.000 0.000
-1.500 1.500 1.185 0.000 0.000 0.000 0.000 0.000 0.000 0.000 0.000
-1.500 1.500 1.185 0.000 0.000 0.000 0.000 0.000 0.000 0.000 0.000
-1.500 1.500 1.185 0.000 0.000 0.000 0.000 0.000 0.000 0.000 0.000
-1.500 1.500 1.185 0.000 0.000 0.000 0.000 0.000 0.000 0.000 0.000
-1.500 1.500 1.185 0.000 0.000 0.000 0.000 0.000 0.000 0.000 0.000
-1.500 1.500 1.185 0.000 0.000 0.000 0.000 0.000 0.000 0.000 0.000
-1.500 1.500 1.185 0.000 0.000 0.000 0.000 0.000 0.000 0.000 0.000
-1.500 1.500 1.185 0.000 0.000 0.000 0.000 0.000 0.000 0.000 0.000
-1.500 1.500 1.185 0.000 0.000 0.000 0.000 0.000 0.000 0.000 0.000
-1.500 1.500 1.185 0.000 0.000 0.000 0.000 0.000 0.000 0.000 0.000
-1.500 1.500 1.185 0.000 0.000 0.000 0.000 0.000 0.000 0.000 0.000
-1.500 1.500 1.185 0.000 0.000 0.000 0.000 0.000 0.000 0.000 0.000
-1.500 1.500 1.185 0.000 0.000 0.000 0.000 0.000 0.000 0.000 0.000
-1.500 1.500 1.185 0.000 0.000 0.000 0.000 0.000 0.000 0.000 0.000
-1.500 1.500 1.185 0.000 0.000 0.000 0.000 0.000 0.000 0.000 0.000
-1.500 1.500 1.185 0.000 0.000 0.000 0.000 0.000 0.000 0.000 0.000
-1.500 1.500 1.185 0.000 0.000 0.000 0.000 0.000 0.000 0.000 0.000
-1.500 1.500 1.185 0.000 0.000 0.000 0.000 0.000 0.000 0.000 0.000
-1.500 1.500 1.185 0.000 0.000 0.000 0.000 0.000 0.000 0.000 0.000
-1.500 1.500 1.185 0.000 0.000 0.000 0.000 0.000 0.000 0.000 0.000
-1.500 1.500 1.185 0.000 0.000 0.000 0.000 0.000 0.000 0.000 0.000
-1.500 1.500 1.185 0.000 0.000 0.000 0.000 0.000 0.000 0.000 0.000
-1.500 1.500 1.185 0.000 0.000 0.000 0.000 0.000 0.000 0.000 0.000
-1.500 1.500 1.185 0.000 0.000 0.000 0.000 0.000 0.000 0.000 0.000
-1.500 1.500 1.185 0.000 0.000 0.000 0.000 0.000 0.000 0.000 0.000
-1.500 1.500 1.185 0.000 0.000 0.000 0.000 0.000 0.000 0.000 0.000
-1.500 1.500 1.185 0.000 0.000 0.000 0.000 0.000 0.000 0.000 0.000
-1.500 1.500 1.185 0.000 0.000 0.000 0.000 0.000 0.000 0.000 0.000
-1.500 1.500 1.185 0.000 0.000 0.000 0.000 0.000 0.000 0.000 0.000
-1.500 1.500 1.185 0.000 0.000 0.000 0.000 0.000 0.000 0.000 0.000
-1.500 1.500 1.185 0.000 0.000 0.000 0.000 0.000 0.000 0.000 0.000
-1.500 1.500 1.185 0.000 0.000 0.000 0.000 0.000 0.000 0.000 0.000
-1.500 1.500 1.185 0.000 0.000 0.000 0.000 0.000 0.000 0.000 0.000
-1.500 1.500 1.185 0.000 0.000 0.000 0.000 0.000 0.000 0.000 0.000
-1.500 1.500 1.185 0.000 0.000 0.000 0.000 0.000 0.000 0.000 0.000
-1.500 1.500 1.185 0.000 0.000 0.000 0.000 0.000 0.000 0.000 0.000
-1.500 1.500 1.185 0.000 0.000 0.000 0.000 0.000 0.000 0.000 0.000
-1.500 1.500 1.185 0.000 0.000 0.000 0.000 0.000 0.000 0.000 0.000
-1.500 1.500 1.185 0.000 0.000 0.000 0.000 0.000 0.000 0.000 0.000
-1.500 1.500 1.185 0.000 0.000 0.000 0.000 0.000 0.000 0.000 0.000
-1.500 1.500 1.185 0.000 0.000 0.000 0.000 0.000 0.000 0.000 0.000
-1.500 1.500 1.185 0.000 0.000 0.000 0.000 0.000 0.000 0.000 0.000
-1.500 1.500 1.185 0.000 0.000 0.000 0.000 0.000 0.000 0.000 0.000
-1.500 1.500 1.185 0.000 0.000 0.000 0.000 0.000 0.000 0.000 0.000
-1.500 1.500 1.185 0.000 0.000 0.000 0.000 0.000 0.000 0.000 0.000
-1.500 1.500 1.185 0.000 0.000 0.000 0.000 0.000 0.000 0.000 0.000
-1.500 1.500 1.185 0.000 0.000 0.000 0.000 0.000 0.000 0.000 0.000
-1.500 1.500 1.185 0.000 0.000 0.000 0.000 0.000 0.000 0.000 0.000
-1.500 1.500 1.185 0.000 0.000 0.000 0.000 0.000 0.000 0.000 0.000
-1.500 1.500 1.185 0.000 0.000 0.000 0.000 0.000 0.000 0.000 0.000
-1.500 1.500 1.185 0.000 0.000 0.000 0.000 0.000 0.000 0.000 0.000
-1.500 1.500 1.185 0.000 0.000 0.000 0.000 0.000 0.000 0.000 0.000
-1.500 1.500 1.185 0.000 0.000 0.000 0.000 0.000 0.000 0.000 0.000
-1.500 1.500 1.185 0.000 0.000 0.000 0.000 0.000 0.000 0.000 0.000
-1.500 1.500 1.185 0.000 0.000 0.000 0.000 0.000 0.000 0.000 0.000
-1.500 1.500 1.185 0.000 0.000 0.000 0.000 0.000 0.000 0.000 0.000
-1.500 1.500 1.185 0.000 0.000 0.000 0.000 0.000 0.000 0.000 0.000
-1.500 1.500 1.185 0.000 0.000 0.000 0.000 0.000 0.000 0.000 0.000
-1.500 1.500 1.185 0.000 0.000 0.000 0.000 0.000 0.000 0.000 0.000
-1.500 1.500 1.185 0.000 0.000 0.000 0.000 0.000 0.000 0.000 0.000
-1.500 1.500 1.185 0.000 0.000 0.000 0.000 0.000 0.000 0.000 0.000
-1.500 1.500 1.185 0.000 0.000 0.000 0.000 0.000 0.000 0.000 0.000
-1.500 1.500 1.185 0.000 0.000 0.000 0.000 0.000 0.000 0.000 0.000
-1.500 1.500 1.185 0.000 0.000 0.000 0.000 0.000 0.000 0.000 0.000
-1.500 1.500 1.185 0.000 0.000 0.000 0.000 0.000 0.000 0.000 0.000
-1.500 1.500 1.185 0.000 0.000 0.000 0.000 0.000 0.000 0.000 0.000
-1.500 1.500 1.185 0.000 0.000 0.000 0.000 0.000 0.000 0.000 0.000
-1.500 1.500 1.185 0.000 0.000 0.000 0.000 0.000 0.000 0.000 0.000
-1.500 1.500 1.185 0.000 0.000 0.000 0.000 0.000 0.000 0.000 0.000
-1.500 1.500 1.185 0.000 0.000 0.000 0.000 0.000 0.000 0.000 0.000
-1.500 1.500 1.185 0.000 -0.000 0.000 0.003 -0.002 0.000 0.000 0.000
-1.500 1.500 1.185 0.000 -0.000 0.000 0.010 -0.008 0.000 0.000 0.000
-1.500 1.500 1.185 0.001 -0.001 0.000 0.021 -0.016 0.000 0.000 0.000
-1.500 1.500 1.185 0.002 -0.002 0.000 0.035 -0.028 0.000 0.000 0.000
-1.500 1.500 1.185 0.005 -0.004 0.000 0.052 -0.041 0.000 0.000 0.000
-1.499 1.500 1.185 0.008 -0.006 0.000 0.071 -0.057 0.000 0.000 0.000
-1.499 1.499 1.185 0.012 -0.009 0.000 0.091 -0.073 0.000 0.000 0.000
-1.498 1.499 1.185 0.017 -0.013 0.000 0.113 -0.091 -0.000 0.000 0.000
-1.497 1.498 1.185 0.023 -0.018 0.000 0.134 -0.110 -0.000 0.000 0.000
-1.496 1.497 1.185 0.030 -0.024 0.000 0.156 -0.129 -0.000 0.000 0.000
-1.494 1.495 1.185 0.039 -0.031 0.000 0.177 -0.148 -0.000 0.000 0.000
-1.492 1.494 1.185 0.048 -0.039 0.000 0.197 -0.168 -0.000 0.000 0.000
-1.489 1.491 1.185 0.058 -0.048 0.000 0.216 -0.186 -0.000 0.000 0.000
-1.486 1.489 1.185 0.070 -0.058 0.000 0.235 -0.205 -0.000 0.000 0.000
-1.482 1.486 1.185 0.082 -0.069 -0.000 0.251 -0.222 -0.000 0.000 0.000
-1.478 1.482 1.185 0.095 -0.080 -0.000 0.266 -0.238 -0.000 0.000 0.000
-1.473 1.478 1.185 0.108 -0.092 -0.000 0.279 -0.254 -0.000 0.000 0.000
-1.467 1.473 1.185 0.123 -0.105 -0.000 0.290 -0.268 -0.000 0.000 0.000
-1.461 1.467 1.185 0.137 -0.119 -0.000 0.299 -0.281 -0.000 0.000 0.000
-1.453 1.461 1.185 0.153 -0.134 -0.000 0.306 -0.292 -0.000 0.000 0.000
-1.445 1.454 1.185 0.168 -0.148 -0.000 0.311 -0.301 -0.000 0.000 0.000
-1.437 1.446 1.185 0.184 -0.164 -0.000 0.314 -0.309 -0.000 0.000 0.000
-1.427 1.437 1.185 0.199 -0.179 -0.000 0.314 -0.316 -0.000 0.000 0.000
-1.417 1.428 1.185 0.215 -0.195 -0.000 0.313 -0.320 -0.000 0.000 0.000
-1.405 1.418 1.185 0.231 -0.211 -0.000 0.309 -0.323 -0.000 0.000 0.000
-1.394 1.407 1.185 0.246 -0.227 -0.000 0.303 -0.324 -0.000 0.000 0.000
-1.381 1.395 1.185 0.261 -0.244 -0.000 0.296 -0.323 -0.000 0.000 0.000
-1.367 1.382 1.185 0.275 -0.260 -0.000 0.287 -0.320 -0.000 0.000 0.000
-1.353 1.369 1.185 0.289 -0.276 -0.000 0.276 -0.315 -0.000 0.000 0.000
-1.339 1.355 1.185 0.303 -0.291 -0.000 0.263 -0.309 -0.000 0.000 0.000
-1.323 1.340 1.185 0.316 -0.306 -0.000 0.249 -0.301 -0.000 0.000 0.000
-1.307 1.324 1.185 0.328 -0.321 -0.000 0.234 -0.292 -0.000 0.000 0.000
-1.290 1.308 1.185 0.339 -0.336 -0.000 0.218 -0.281 -0.000 0.000 0.000
-1.273 1.291 1.185 0.350 -0.349 -0.000 0.201 -0.268 -0.000 0.000 0.000
-1.255 1.273 1.185 0.359 -0.362 -0.000 0.183 -0.254 -0.000 0.000 0.000
-1.237 1.254 1.185 0.368 -0.375 -0.000 0.165 -0.239 -0.000 0.000 0.000
-1.219 1.235 1.185 0.376 -0.386 -0.000 0.146 -0.223 -0.000 0.000 0.000
-1.200 1.216 1.185 0.383 -0.397 -0.000 0.127 -0.205 -0.000 0.000 0.000
-1.180 1.196 1.185 0.388 -0.407 -0.000 0.108 -0.187 -0.000 0.000 0.000
-1.161 1.175 1.185 0.393 -0.416 -0.000 0.090 -0.167 -0.000 0.000 0.000
-1.141 1.154 1.185 0.397 -0.423 -0.000 0.071 -0.147 -0.000 0.000 0.000
-1.121 1.133 1.185 0.401 -0.430 -0.000 0.053 -0.126 -0.000 0.000 0.000
-1.101 1.111 1.185 0.403 -0.436 -0.000 0.036 -0.105 -0.000 0.000 0.000
-1.081 1.089 1.185 0.404 -0.441 -0.000 0.020 -0.084 -0.000 0.000 0.000
-1.061 1.067 1.185 0.405 -0.444 -0.000 0.004 -0.062 -0.000 0.000 0.000
-1.040 1.045 1.185 0.405 -0.447 -0.000 -0.011 -0.040 -0.000 0.000 0.000
-1.020 1.022 1.185 0.404 -0.448 -0.000 -0.024 -0.018 0.000 0.000 0.000
-1.000 1.000 1.185 0.402 -0.449 -0.000 -0.036 0.003 0.000 0.000 0.000
-0.980 0.978 1.185 0.400 -0.448 -0.000 -0.047 0.024 -0.000 0.000 0.000
-0.960 0.955 1.185 0.397 -0.446 -0.000 -0.057 0.045 -0.000 0.000 0.000
-0.940 0.933 1.185 0.394 -0.444 -0.000 -0.065 0.065 0.000 0.000 0.000
-0.921 0.911 1.185 0.391 -0.440 -0.000 -0.072 0.084 0.000 0.000 0.000
-0.901 0.889 1.185 0.387 -0.435 -0.000 -0.078 0.102 0.000 0.000 0.000
-0.882 0.867 1.185 0.383 -0.430 -0.000 -0.082 0.119 0.000 0.000 0.000
-0.863 0.846 1.185 0.379 -0.423 -0.000 -0.085 0.135 0.000 0.000 0.000
-0.844 0.825 1.185 0.375 -0.416 -0.000 -0.086 0.149 0.000 0.000 0.000
-0.825 0.804 1.185 0.370 -0.409 -0.000 -0.086 0.163 0.000 0.000 0.000
-0.807 0.784 1.185 0.366 -0.400 -0.000 -0.085 0.174 0.000 0.000 0.000
-0.789 0.764 1.185 0.362 -0.391 -0.000 -0.083 0.184 0.000 0.000 0.000
-0.771 0.745 1.185 0.358 -0.382 -0.000 -0.080 0.192 0.000 0.000 0.000
-0.753 0.726 1.185 0.354 -0.372 -0.000 -0.076 0.199 0.000 0.000 0.000
-0.735 0.708 1.185 0.350 -0.362 -0.000 -0.072 0.203 0.000 0.000 0.000
-0.718 0.690 1.185 0.347 -0.352 -0.000 -0.066 0.206 0.000 0.000 0.000
-0.701 0.673 1.185 0.344 -0.341 -0.000 -0.060 0.206 0.000 0.000 0.000
-0.684 0.656 1.185 0.341 -0.331 -0.000 -0.053 0.204 0.000 0.000 0.000
-0.667 0.640 1.185 0.338 -0.321 -0.000 -0.046 0.201 0.000 0.000 0.000
-0.650 0.624 1.185 0.336 -0.311 -0.000 -0.039 0.195 0.000 0.000 0.000
-0.633 0.608 1.185 0.334 -0.302 -0.000 -0.031 0.187 0.000 0.000 0.000
-0.616 0.594 1.185 0.333 -0.292 -0.000 -0.023 0.177 0.000 0.000 0.000
-0.600 0.579 1.185 0.332 -0.284 -0.000 -0.016 0.165 0.000 0.000 0.000
-0.583 0.565 1.185 0.332 -0.276 -0.000 -0.008 0.151 0.000 0.000 0.000
-0.566 0.552 1.185 0.331 -0.269 -0.000 -0.001 0.135 0.000 0.000 0.000
-0.550 0.538 1.185 0.331 -0.263 -0.000 0.006 0.117 0.000 0.000 0.000
-0.533 0.525 1.185 0.332 -0.257 -0.000 0.013 0.098 0.000 0.000 0.000
-0.517 0.513 1.185 0.333 -0.253 -0.000 0.019 0.076 0.000 0.000 0.000
-0.500 0.500 1.185 0.334 -0.250 -0.000 0.025 0.054 0.000 0.000 0.000
-0.483 0.488 1.185 0.335 -0.247 0.000 0.030 0.030 0.000 0.000 0.000
-0.466 0.475 1.185 0.337 -0.247 0.000 0.034 0.005 0.000 0.000 0.000
-0.450 0.463 1.185 0.339 -0.247 0.000 0.038 -0.020 0.000 0.000 0.000
-0.433 0.451 1.185 0.341 -0.249 0.000 0.041 -0.047 0.000 0.000 0.000
-0.416 0.438 1.185 0.343 -0.252 0.000 0.043 -0.073 0.000 0.000 0.000
-0.398 0.425 1.185 0.345 -0.256 0.000 0.045 -0.100 0.000 0.000 0.000
-0.381 0.412 1.185 0.347 -0.262 0.000 0.046 -0.126 0.000 0.000 0.000
-0.364 0.399 1.185 0.349 -0.269 0.000 0.046 -0.152 0.000 0.000 0.000
-0.346 0.386 1.185 0.352 -0.277 0.000 0.046 -0.178 0.000 0.000 0.000
-0.328 0.371 1.185 0.354 -0.286 0.000 0.045 -0.202 0.000 0.000 0.000
-0.311 0.357 1.185 0.356 -0.297 0.000 0.043 -0.225 -0.000 0.000 0.000
-0.293 0.342 1.185 0.358 -0.309 0.000 0.041 -0.246 -0.000 0.000 0.000
-0.275 0.326 1.185 0.360 -0.321 0.000 0.038 -0.265 -0.000 0.000 0.000
-0.257 0.310 1.185 0.362 -0.335 0.000 0.035 -0.282 -0.000 0.000 0.000
-0.239 0.292 1.185 0.364 -0.350 0.000 0.031 -0.297 -0.000 0.000 0.000
-0.221 0.275 1.185 0.365 -0.365 0.000 0.027 -0.309 -0.000 0.000 0.000
-0.202 0.256 1.185 0.366 -0.380 0.000 0.023 -0.317 -0.000 0.000 0.000
-0.184 0.237 1.185 0.367 -0.396 0.000 0.018 -0.323 -0.000 0.000 0.000
-0.165 0.216 1.185 0.368 -0.413 0.000 0.013 -0.326 -0.000 0.000 0.000
-0.147 0.195 1.185 0.369 -0.429 0.000 0.008 -0.324 -0.000 0.000 0.000
-0.129 0.173 1.185 0.369 -0.445 0.000 0.003 -0.320 -0.000 0.000 0.000
-0.110 0.151 1.185 0.369 -0.461 0.000 -0.002 -0.311 -0.000 0.000 0.000
-0.092 0.127 1.185 0.369 -0.476 0.000 -0.007 -0.299 -0.000 0.000 0.000
-0.073 0.103 1.185 0.368 -0.491 0.000 -0.012 -0.282 -0.000 0.000 0.000
-0.055 0.078 1.185 0.368 -0.504 0.000 -0.017 -0.262 -0.000 0.000 0.000
-0.037 0.053 1.185 0.367 -0.517 0.000 -0.021 -0.238 -0.000 0.000 0.000
-0.018 0.027 1.185 0.365 -0.528 0.000 -0.026 -0.209 -0.000 0.000 0.000
-0.000 -0.000 1.185 0.364 -0.538 0.000 -0.030 -0.178 -0.000 0.000 0.000
0.018 -0.027 1.185 0.362 -0.546 0.000 -0.034 -0.142 -0.000 0.000 0.000
0.036 -0.055 1.185 0.361 -0.552 0.000 -0.037 -0.103 -0.000 0.000 0.000
0.054 -0.082 1.185 0.359 -0.556 0.000 -0.040 -0.061 -0.000 0.000 0.000
0.072 -0.110 1.185 0.357 -0.558 0.000 -0.043 -0.017 -0.000 0.000 0.000
0.090 -0.138 1.185 0.354 -0.558 0.000 -0.045 0.031 -0.000 0.000 0.000
0.108 -0.166 1.185 0.352 -0.555 0.000 -0.047 0.080 -0.000 0.000 0.000
0.125 -0.193 1.185 0.350 -0.550 0.000 -0.049 0.131 -0.000 0.000 0.000
0.143 -0.221 1.185 0.347 -0.542 -0.000 -0.050 0.183 -0.000 0.000 0.000
0.160 -0.248 1.185 0.345 -0.531 -0.000 -0.050 0.237 -0.000 0.000 0.000
0.177 -0.274 1.185 0.342 -0.518 -0.000 -0.051 0.290 -0.000 0.000 0.000
0.194 -0.299 1.185 0.340 -0.502 -0.000 -0.050 0.344 -0.000 0.000 0.000
0.211 -0.324 1.185 0.337 -0.484 -0.000 -0.050 0.397 -0.000 0.000 0.000
0.228 -0.348 1.185 0.335 -0.463 -0.000 -0.049 0.449 -0.000 0.000 0.000
0.244 -0.370 1.185 0.332 -0.439 -0.000 -0.047 0.499 -0.000 0.000 0.000
0.261 -0.391 1.185 0.330 -0.413 -0.000 -0.046 0.548 -0.000 0.000 0.000
0.277 -0.411 1.185 0.328 -0.384 -0.000 -0.043 0.594 -0.000 0.000 0.000
0.294 -0.430 1.185 0.326 -0.353 -0.000 -0.041 0.637 -0.000 0.000 0.000
0.310 -0.447 1.185 0.324 -0.320 -0.000 -0.038 0.676 -0.000 0.000 0.000
0.326 -0.462 1.185 0.322 -0.286 -0.000 -0.035 0.712 -0.000 0.000 0.000
0.342 -0.475 1.185 0.320 -0.249 -0.000 -0.032 0.744 -0.000 0.000 0.000
0.358 -0.487 1.185 0.319 -0.211 -0.000 -0.028 0.771 -0.000 0.000 0.000
0.374 -0.496 1.185 0.317 -0.172 -0.000 -0.024 0.793 -0.000 0.000 0.000
0.390 -0.504 1.185 0.316 -0.132 -0.000 -0.020 0.810 -0.000 0.000 0.000
0.406 -0.510 1.185 0.315 -0.091 -0.000 -0.016 0.822 -0.000 0.000 0.000
0.421 -0.513 1.185 0.315 -0.050 -0.000 -0.012 0.828 -0.000 0.000 0.000
0.437 -0.515 1.185 0.314 -0.009 -0.000 -0.007 0.828 -0.000 0.000 0.000
0.453 -0.514 1.185 0.314 0.033 -0.000 -0.002 0.822 -0.000 0.000 0.000
0.469 -0.511 1.185 0.314 0.073 -0.000 0.002 0.810 -0.000 0.000 0.000
0.484 -0.507 1.185 0.314 0.114 -0.000 0.007 0.792 -0.000 0.000 0.000
0.500 -0.500 1.185 0.315 0.153 -0.000 0.012 0.768 -0.000 0.000 0.000
0.516 -0.491 1.185 0.315 0.190 0.000 0.017 0.739 -0.000 0.000 0.000
0.532 -0.481 1.185 0.316 0.226 0.000 0.022 0.704 -0.000 0.000 0.000
0.547 -0.469 1.185 0.318 0.261 0.000 0.027 0.663 -0.000 0.000 0.000
0.563 -0.455 1.185 0.319 0.293 0.000 0.032 0.618 -0.000 0.000 0.000
0.579 -0.440 1.185 0.321 0.322 0.000 0.037 0.568 -0.000 0.000 0.000
0.595 -0.423 1.185 0.323 0.349 0.000 0.043 0.514 -0.000 0.000 0.000
0.612 -0.405 1.185 0.325 0.374 0.000 0.048 0.456 -0.000 0.000 0.000
0.628 -0.385 1.185 0.328 0.395 0.000 0.053 0.396 -0.000 0.000 0.000
0.644 -0.365 1.185 0.330 0.413 0.000 0.059 0.333 -0.000 0.000 0.000
0.661 -0.344 1.185 0.333 0.428 0.000 0.064 0.268 -0.000 0.000 0.000
0.678 -0.322 1.185 0.337 0.440 0.000 0.069 0.201 -0.000 0.000 0.000
0.695 -0.300 1.185 0.340 0.448 0.000 0.075 0.135 -0.000 0.000 0.000
0.712 -0.278 1.185 0.344 0.453 0.000 0.080 0.068 -0.000 0.000 0.000
0.729 -0.255 1.185 0.348 0.455 0.000 0.086 0.001 -0.000 0.000 0.000
0.747 -0.232 1.185 0.353 0.454 0.000 0.091 -0.064 -0.000 0.000 0.000
0.764 -0.210 1.185 0.358 0.449 0.000 0.097 -0.127 -0.000 0.000 0.000
0.782 -0.187 1.185 0.363 0.441 0.000 0.102 -0.188 -0.000 0.000 0.000
0.801 -0.166 1.185 0.368 0.430 0.000 0.107 -0.246 -0.000 0.000 0.000
0.819 -0.144 1.185 0.373 0.416 0.000 0.113 -0.300 -0.000 0.000 0.000
0.838 -0.124 1.185 0.379 0.400 0.000 0.118 -0.350 -0.000 0.000 0.000
0.857 -0.105 1.185 0.385 0.381 0.000 0.123 -0.395 -0.000 0.000 0.000
0.876 -0.086 1.185 0.391 0.361 0.000 0.128 -0.436 -0.000 0.000 0.000
0.896 -0.068 1.185 0.398 0.338 0.000 0.133 -0.471 -0.000 0.000 0.000
0.916 -0.052 1.185 0.405 0.314 0.000 0.137 -0.500 -0.000 0.000 0.000
0.937 -0.037 1.185 0.412 0.288 0.000 0.141 -0.524 -0.000 0.000 0.000
0.957 -0.023 1.185 0.419 0.261 0.000 0.145 -0.541 -0.000 0.000 0.000
0.979 -0.011 1.185 0.426 0.234 0.000 0.148 -0.552 -0.000 0.000 0.000
1.000 0.000 1.185 0.433 0.206 0.000 0.151 -0.557 -0.000 0.000 0.000
1.022 0.010 1.185 0.441 0.178 0.000 0.153 -0.556 -0.000 0.000 0.000
1.044 0.018 1.185 0.449 0.151 0.000 0.154 -0.549 -0.000 0.000 0.000
1.067 0.025 1.185 0.456 0.124 0.000 0.155 -0.536 -0.000 0.000 0.000
1.090 0.030 1.185 0.464 0.097 0.000 0.154 -0.518 -0.000 0.000 0.000
1.113 0.034 1.185 0.472 0.072 0.000 0.153 -0.495 -0.000 0.000 0.000
1.137 0.037 1.185 0.479 0.048 0.000 0.151 -0.467 -0.000 0.000 0.000
1.161 0.039 1.185 0.487 0.025 -0.000 0.147 -0.435 -0.000 0.000 0.000
1.186 0.040 1.185 0.494 0.004 -0.000 0.142 -0.400 -0.000 0.000 0.000
1.211 0.040 1.185 0.501 -0.015 -0.000 0.135 -0.362 -0.000 0.000 0.000
1.236 0.039 1.185 0.508 -0.032 -0.000 0.127 -0.322 -0.000 0.000 0.000
1.261 0.037 1.185 0.514 -0.047 -0.000 0.117 -0.280 -0.000 0.000 0.000
1.287 0.034 1.185 0.519 -0.060 -0.000 0.106 -0.237 -0.000 0.000 0.000
1.313 0.031 1.185 0.524 -0.071 -0.000 0.093 -0.193 -0.000 0.000 0.000
1.340 0.027 1.185 0.529 -0.079 -0.000 0.078 -0.150 -0.000 0.000 0.000
1.366 0.023 1.185 0.532 -0.086 -0.000 0.062 -0.108 -0.000 0.000 0.000
1.393 0.018 1.185 0.535 -0.090 -0.000 0.044 -0.067 -0.000 0.000 0.000
1.419 0.014 1.185 0.537 -0.092 -0.000 0.024 -0.028 -0.000 0.000 0.000
1.446 0.009 1.185 0.537 -0.093 -0.000 0.003 0.008 -0.000 0.000 0.000
1.473 0.005 1.185 0.537 -0.092 -0.000 -0.020 0.042 -0.000 0.000 0.000
1.500 -0.000 1.185 0.535 -0.089 -0.000 -0.045 0.072 -0.000 0.000 0.000
1.527 -0.004 1.185 0.532 -0.084 -0.000 -0.070 0.099 0.000 0.000 0.000
1.553 -0.008 1.185 0.528 -0.079 -0.000 -0.097 0.122 0.000 0.000 0.000
1.579 -0.012 1.185 0.523 -0.072 -0.000 -0.125 0.141 0.000 0.000 0.000
1.605 -0.016 1.185 0.516 -0.065 -0.000 -0.153 0.156 0.000 0.000 0.000
1.631 -0.019 1.185 0.507 -0.057 -0.000 -0.182 0.168 0.000 0.000 0.000
1.656 -0.021 1.185 0.497 -0.048 -0.000 -0.210 0.175 0.000 0.000 0.000
1.681 -0.024 1.185 0.486 -0.039 -0.000 -0.239 0.179 0.000 0.000 0.000
1.705 -0.025 1.185 0.474 -0.030 -0.000 -0.266 0.179 0.000 0.000 0.000
1.728 -0.027 1.185 0.460 -0.021 -0.000 -0.293 0.176 0.000 0.000 0.000
1.751 -0.027 1.185 0.444 -0.013 -0.000 -0.319 0.170 0.000 0.000 0.000
1.772 -0.028 1.185 0.428 -0.004 -0.000 -0.344 0.161 0.000 0.000 0.000
1.793 -0.028 1.185 0.410 0.003 -0.000 -0.366 0.150 0.000 0.000 0.000
1.813 -0.027 1.185 0.391 0.011 -0.000 -0.387 0.137 0.000 0.000 0.000
1.832 -0.027 1.185 0.371 0.017 -0.000 -0.405 0.121 0.000 0.000 0.000
1.851 -0.026 1.185 0.351 0.023 -0.000 -0.420 0.105 0.000 0.000 0.000
1.868 -0.025 1.185 0.329 0.027 -0.000 -0.433 0.088 0.000 0.000 0.000
1.883 -0.023 1.185 0.307 0.031 -0.000 -0.443 0.070 0.000 0.000 0.000
1.898 -0.021 1.185 0.285 0.034 -0.000 -0.449 0.051 0.000 0.000 0.000
1.912 -0.020 1.185 0.263 0.037 -0.000 -0.452 0.033 0.000 0.000 0.000
1.925 -0.018 1.185 0.240 0.038 -0.000 -0.451 0.016 0.000 0.000 0.000
1.936 -0.016 1.185 0.218 0.038 -0.000 -0.446 -0.001 0.000 0.000 0.000
1.946 -0.014 1.185 0.195 0.038 -0.000 -0.438 -0.016 0.000 0.000 0.000
1.956 -0.012 1.185 0.174 0.037 -0.000 -0.426 -0.030 0.000 0.000 0.000
1.964 -0.010 1.185 0.153 0.035 -0.000 -0.411 -0.041 0.000 0.000 0.000
1.971 -0.009 1.185 0.133 0.032 -0.000 -0.392 -0.051 0.000 0.000 0.000
1.977 -0.007 1.185 0.114 0.030 -0.000 -0.370 -0.059 0.000 0.000 0.000
1.982 -0.006 1.185 0.096 0.027 -0.000 -0.345 -0.065 0.000 0.000 0.000
1.987 -0.004 1.185 0.079 0.023 -0.000 -0.317 -0.068 0.000 0.000 0.000
1.990 -0.003 1.185 0.064 0.020 -0.000 -0.286 -0.069 0.000 0.000 0.000
1.993 -0.002 1.185 0.051 0.016 -0.000 -0.254 -0.067 0.000 0.000 0.000
1.995 -0.002 1.185 0.039 0.013 -0.000 -0.221 -0.063 0.000 0.000 0.000
1.997 -0.001 1.185 0.029 0.010 -0.000 -0.187 -0.058 0.000 0.000 0.000
1.998 -0.001 1.185 0.020 0.007 -0.000 -0.153 -0.051 0.000 0.000 0.000
1.999 -0.000 1.185 0.013 0.005 -0.000 -0.120 -0.042 0.000 0.000 0.000
1.999 -0.000 1.185 0.008 0.003 -0.000 -0.089 -0.033 0.000 0.000 0.000
2.000 -0.000 1.185 0.004 0.002 -0.000 -0.061 -0.024 0.000 0.000 0.000
2.000 -0.000 1.185 0.002 0.001 -0.000 -0.036 -0.015 0.000 0.000 0.000
2.000 -0.000 1.185 0.001 0.000 -0.000 -0.017 -0.007 0.000 0.000 0.000
2.000 -0.000 1.185 0.000 0.000 -0.000 -0.005 -0.002 0.000 0.000 0.000
2.000 -0.000 1.185 0.000 0.000 -0.000 0.000 0.000 0.000 0.000 0.000
2.000 0.000 1.185 0.000 0.000 0.000 0.000 0.000 0.000 0.000 0.000
2.000 0.000 1.185 0.000 0.000 0.000 0.000 0.000 0.000 0.000 0.000
2.000 0.000 1.185 0.000 0.000 0.000 0.000 0.000 0.000 0.000 0.000
2.000 0.000 1.185 0.000 0.000 0.000 0.000 0.000 0.000 0.000 0.000
2.000 0.000 1.185 0.000 0.000 0.000 0.000 0.000 0.000 0.000 0.000
2.000 0.000 1.185 0.000 0.000 0.000 0.000 0.000 0.000 0.000 0.000
2.000 0.000 1.185 0.000 0.000 0.000 0.000 0.000 0.000 0.000 0.000
2.000 0.000 1.185 0.000 0.000 0.000 0.000 0.000 0.000 0.000 0.000
2.000 0.000 1.185 0.000 0.000 0.000 0.000 0.000 0.000 0.000 0.000
2.000 0.000 1.185 0.000 0.000 0.000 0.000 0.000 0.000 0.000 0.000
2.000 0.000 1.185 0.000 0.000 0.000 0.000 0.000 0.000 0.000 0.000
2.000 0.000 1.185 0.000 0.000 0.000 0.000 0.000 0.000 0.000 0.000
2.000 0.000 1.185 0.000 0.000 0.000 0.000 0.000 0.000 0.000 0.000
2.000 0.000 1.185 0.000 0.000 0.000 0.000 0.000 0.000 0.000 0.000
2.000 0.000 1.185 0.000 0.000 0.000 0.000 0.000 0.000 0.000 0.000
2.000 0.000 1.185 0.000 0.000 0.000 0.000 0.000 0.000 0.000 0.000
2.000 0.000 1.185 0.000 0.000 0.000 0.000 0.000 0.000 0.000 0.000
2.000 0.000 1.185 0.000 0.000 0.000 0.000 0.000 0.000 0.000 0.000
2.000 0.000 1.185 0.000 0.000 0.000 0.000 0.000 0.000 0.000 0.000
2.000 0.000 1.185 0.000 0.000 0.000 0.000 0.000 0.000 0.000 0.000
2.000 0.000 1.185 0.000 0.000 0.000 0.000 0.000 0.000 0.000 0.000
2.000 0.000 1.185 0.000 0.000 0.000 0.000 0.000 0.000 0.000 0.000
2.000 0.000 1.185 0.000 0.000 0.000 0.000 0.000 0.000 0.000 0.000
2.000 0.000 1.185 0.000 0.000 0.000 0.000 0.000 0.000 0.000 0.000
2.000 0.000 1.185 0.000 0.000 0.000 0.000 0.000 0.000 0.000 0.000
2.000 0.000 1.185 0.000 0.000 0.000 0.000 0.000 0.000 0.000 0.000
2.000 0.000 1.185 0.000 0.000 0.000 0.000 0.000 0.000 0.000 0.000
2.000 0.000 1.185 0.000 0.000 0.000 0.000 0.000 0.000 0.000 0.000
2.000 0.000 1.185 0.000 0.000 0.000 0.000 0.000 0.000 0.000 0.000
2.000 0.000 1.185 0.000 0.000 0.000 0.000 0.000 0.000 0.000 0.000
2.000 0.000 1.185 0.000 0.000 0.000 0.000 0.000 0.000 0.000 0.000
2.000 0.000 1.185 0.000 0.000 0.000 0.000 0.000 0.000 0.000 0.000
2.000 0.000 1.185 0.000 0.000 0.000 0.000 0.000 0.000 0.000 0.000
2.000 0.000 1.185 0.000 0.000 0.000 0.000 0.000 0.000 0.000 0.000
2.000 0.000 1.185 0.000 0.000 0.000 0.000 0.000 0.000 0.000 0.000
2.000 0.000 1.185 0.000 0.000 0.000 0.000 0.000 0.000 0.000 0.000
2.000 0.000 1.185 0.000 0.000 0.000 0.000 0.000 0.000 0.000 0.000
2.000 0.000 1.185 0.000 0.000 0.000 0.000 0.000 0.000 0.000 0.000
2.000 0.000 1.185 0.000 0.000 0.000 0.000 0.000 0.000 0.000 0.000
2.000 0.000 1.185 0.000 0.000 0.000 0.000 0.000 0.000 0.000 0.000
2.000 0.000 1.185 0.000 0.000 0.000 0.000 0.000 0.000 0.000 0.000
2.000 0.000 1.185 0.000 0.000 0.000 0.000 0.000 0.000 0.000 0.000
2.000 0.000 1.185 0.000 0.000 0.000 0.000 0.000 0.000 0.000 0.000
2.000 0.000 1.185 0.000 0.000 0.000 0.000 0.000 0.000 0.000 0.000
2.000 0.000 1.185 0.000 0.000 0.000 0.000 0.000 0.000 0.000 0.000
2.000 0.000 1.185 0.000 0.000 0.000 0.000 0.000 0.000 0.000 0.000
2.000 0.000 1.185 0.000 0.000 0.000 0.000 0.000 0.000 0.000 0.000
2.000 0.000 1.185 0.000 0.000 0.000 0.000 0.000 0.000 0.000 0.000
2.000 0.000 1.185 0.000 0.000 0.000 0.000 0.000 0.000 0.000 0.000
2.000 0.000 1.185 0.000 0.000 0.000 0.000 0.000 0.000 0.000 0.000
2.000 0.000 1.185 0.000 0.000 0.000 0.000 0.000 0.000 0.000 0.000
2.000 0.000 1.185 0.000 0.000 0.000 0.000 0.000 0.000 0.000 0.000
2.000 0.000 1.185 0.000 0.000 0.000 0.000 0.000 0.000 0.000 0.000
2.000 0.000 1.185 0.000 0.000 0.000 0.000 0.000 0.000 0.000 0.000
2.000 0.000 1.185 0.000 0.000 0.000 0.000 0.000 0.000 0.000 0.000
2.000 0.000 1.185 0.000 0.000 0.000 0.000 0.000 0.000 0.000 0.000
2.000 0.000 1.185 0.000 0.000 0.000 0.000 0.000 0.000 0.000 0.000
2.000 0.000 1.185 0.000 0.000 0.000 0.000 0.000 0.000 0.000 0.000
2.000 0.000 1.185 0.000 0.000 0.000 0.000 0.000 0.000 0.000 0.000
2.000 0.000 1.185 0.000 0.000 0.000 0.000 0.000 0.000 0.000 0.000
2.000 -0.000 1.185 -0.000 -0.000 0.000 -0.002 -0.004 0.000 0.000 0.000
2.000 -0.000 1.185 -0.000 -0.000 0.000 -0.009 -0.014 0.000 0.000 0.000
2.000 -0.000 1.185 -0.001 -0.002 0.000 -0.019 -0.030 0.000 0.000 0.000
2.000 -0.000 1.185 -0.002 -0.004 0.000 -0.032 -0.050 0.000 0.000 0.000
2.000 -0.000 1.185 -0.004 -0.007 0.000 -0.047 -0.074 0.000 0.000 0.000
1.999 -0.001 1.185 -0.007 -0.011 0.000 -0.065 -0.099 0.000 0.000 0.000
1.999 -0.002 1.185 -0.011 -0.017 0.000 -0.083 -0.126 0.000 0.000 0.000
1.998 -0.003 1.185 -0.015 -0.024 0.000 -0.103 -0.153 0.000 0.000 0.000
1.997 -0.004 1.185 -0.021 -0.032 0.000 -0.123 -0.180 0.000 0.000 0.000
1.996 -0.006 1.185 -0.028 -0.041 0.000 -0.143 -0.206 0.000 0.000 0.000
1.995 -0.008 1.185 -0.035 -0.052 0.000 -0.164 -0.230 0.000 0.000 0.000
1.993 -0.011 1.185 -0.044 -0.064 0.000 -0.184 -0.253 0.000 0.000 0.000
1.990 -0.015 1.185 -0.054 -0.078 0.000 -0.203 -0.273 -0.000 0.000 0.000
1.987 -0.019 1.185 -0.064 -0.092 0.000 -0.221 -0.291 -0.000 0.000 0.000
1.984 -0.024 1.185 -0.076 -0.107 0.000 -0.238 -0.306 -0.000 0.000 0.000
1.980 -0.029 1.185 -0.088 -0.122 0.000 -0.253 -0.318 -0.000 0.000 0.000
1.975 -0.036 1.185 -0.101 -0.139 0.000 -0.267 -0.327 -0.000 0.000 0.000
1.970 -0.043 1.185 -0.115 -0.155 0.000 -0.280 -0.333 -0.000 0.000 0.000
1.964 -0.052 1.185 -0.129 -0.172 0.000 -0.291 -0.335 -0.000 0.000 0.000
1.957 -0.061 1.185 -0.144 -0.188 0.000 -0.300 -0.334 -0.000 0.000 0.000
1.949 -0.070 1.185 -0.159 -0.205 0.000 -0.307 -0.330 -0.000 0.000 0.000
1.941 -0.081 1.185 -0.174 -0.221 0.000 -0.312 -0.322 -0.000 0.000 0.000
1.932 -0.092 1.185 -0.190 -0.237 -0.000 -0.315 -0.312 -0.000 0.000 0.000
1.922 -0.105 1.185 -0.206 -0.252 -0.000 -0.316 -0.299 -0.000 0.000 0.000
1.911 -0.118 1.185 -0.222 -0.267 -0.000 -0.315 -0.283 -0.000 0.000 0.000
1.900 -0.131 1.185 -0.237 -0.281 -0.000 -0.313 -0.265 -0.000 0.000 0.000
1.887 -0.146 1.185 -0.253 -0.294 -0.000 -0.308 -0.245 -0.000 0.000 0.000
1.874 -0.161 1.185 -0.268 -0.305 -0.000 -0.302 -0.223 -0.000 0.000 0.000
1.861 -0.176 1.185 -0.283 -0.316 -0.000 -0.294 -0.200 -0.000 0.000 0.000
1.846 -0.192 1.185 -0.297 -0.325 -0.000 -0.284 -0.176 -0.000 0.000 0.000
1.831 -0.209 1.185 -0.311 -0.333 -0.000 -0.273 -0.151 -0.000 0.000 0.000
1.815 -0.226 1.185 -0.325 -0.340 -0.000 -0.261 -0.125 -0.000 0.000 0.000
1.798 -0.243 1.185 -0.337 -0.346 -0.000 -0.247 -0.099 -0.000 0.000 0.000
1.781 -0.260 1.185 -0.349 -0.350 -0.000 -0.232 -0.074 -0.000 0.000 0.000
1.763 -0.278 1.185 -0.361 -0.353 -0.000 -0.216 -0.049 -0.000 0.000 0.000
1.745 -0.296 1.185 -0.371 -0.355 -0.000 -0.199 -0.024 -0.000 0.000 0.000
1.726 -0.313 1.185 -0.381 -0.356 -0.000 -0.182 -0.001 -0.000 0.000 0.000
1.707 -0.331 1.185 -0.389 -0.355 -0.000 -0.163 0.020 -0.000 0.000 0.000
1.687 -0.349 1.185 -0.397 -0.354 -0.000 -0.145 0.040 -0.000 0.000 0.000
1.667 -0.366 1.185 -0.404 -0.351 -0.000 -0.126 0.057 -0.000 0.000 0.000
1.647 -0.384 1.185 -0.409 -0.348 -0.000 -0.107 0.072 -0.000 0.000 0.000
1.627 -0.401 1.185 -0.414 -0.344 -0.000 -0.088 0.085 -0.000 0.000 0.000
1.606 -0.418 1.185 -0.418 -0.340 -0.000 -0.068 0.095 -0.000 0.000 0.000
1.585 -0.435 1.185 -0.421 -0.335 -0.000 -0.050 0.102 -0.000 0.000 0.000
1.564 -0.452 1.185 -0.423 -0.329 -0.000 -0.031 0.106 -0.000 0.000 0.000
1.542 -0.468 1.185 -0.424 -0.324 -0.000 -0.014 0.107 -0.000 0.000 0.000
1.521 -0.484 1.185 -0.425 -0.319 -0.000 0.004 0.105 -0.000 0.000 0.000
1.500 -0.500 1.185 -0.424 -0.314 -0.000 0.020 0.100 -0.000 0.000 0.000
1.479 -0.516 1.185 -0.423 -0.309 -0.000 0.036 0.091 -0.000 0.000 0.000
1.458 -0.531 1.185 -0.420 -0.305 -0.000 0.050 0.080 -0.000 0.000 0.000
1.437 -0.546 1.185 -0.418 -0.301 -0.000 0.064 0.066 -0.000 0.000 0.000
1.416 -0.561 1.185 -0.414 -0.298 -0.000 0.077 0.050 -0.000 0.000 0.000
1.395 -0.576 1.185 -0.410 -0.296 -0.000 0.088 0.032 -0.000 0.000 0.000
1.375 -0.591 1.185 -0.405 -0.295 -0.000 0.098 0.011 -0.000 0.000 0.000
1.355 -0.605 1.185 -0.400 -0.295 -0.000 0.107 -0.011 -0.000 0.000 0.000
1.335 -0.620 1.185 -0.395 -0.296 -0.000 0.115 -0.034 -0.000 0.000 0.000
1.315 -0.635 1.185 -0.389 -0.298 -0.000 0.121 -0.058 -0.000 0.000 0.000
1.296 -0.650 1.185 -0.382 -0.302 -0.000 0.126 -0.083 -0.000 0.000 0.000
1.277 -0.665 1.185 -0.376 -0.307 -0.000 0.130 -0.108 -0.000 0.000 0.000
1.259 -0.681 1.185 -0.370 -0.313 -0.000 0.132 -0.132 0.000 0.000 0.000
1.240 -0.696 1.185 -0.363 -0.320 -0.000 0.133 -0.155 0.000 0.000 0.000
1.222 -0.713 1.185 -0.356 -0.328 -0.000 0.133 -0.178 0.000 0.000 0.000
1.205 -0.729 1.185 -0.350 -0.338 -0.000 0.132 -0.198 0.000 0.000 0.000
1.187 -0.746 1.185 -0.343 -0.348 -0.000 0.129 -0.217 0.000 0.000 0.000
1.170 -0.764 1.185 -0.337 -0.359 -0.000 0.125 -0.233 0.000 0.000 0.000
1.154 -0.782 1.185 -0.331 -0.371 -0.000 0.120 -0.247 0.000 0.000 0.000
1.137 -0.801 1.185 -0.325 -0.384 -0.000 0.114 -0.257 0.000 0.000 0.000
1.121 -0.821 1.185 -0.319 -0.397 -0.000 0.107 -0.264 0.000 0.000 0.000
1.105 -0.841 1.185 -0.314 -0.410 -0.000 0.098 -0.267 0.000 0.000 0.000
1.090 -0.862 1.185 -0.309 -0.423 -0.000 0.089 -0.266 -0.000 0.000 0.000
1.074 -0.883 1.185 -0.305 -0.437 -0.000 0.079 -0.262 -0.000 0.000 0.000
1.059 -0.905 1.185 -0.301 -0.450 -0.000 0.068 -0.253 -0.000 0.000 0.000
1.044 -0.928 1.185 -0.298 -0.462 -0.000 0.057 -0.239 -0.000 0.000 0.000
1.029 -0.952 1.185 -0.296 -0.473 -0.000 0.045 -0.222 -0.000 0.000 0.000
1.015 -0.976 1.185 -0.294 -0.484 -0.000 0.032 -0.199 -0.000 0.000 0.000
1.000 -1.000 1.185 -0.293 -0.493 -0.000 0.019 -0.173 -0.000 0.000 0.000
0.985 -1.025 1.185 -0.292 -0.501 0.000 0.006 -0.143 -0.000 0.000 0.000
0.971 -1.050 1.185 -0.292 -0.508 0.000 -0.008 -0.109 -0.000 0.000 0.000
0.956 -1.076 1.185 -0.293 -0.512 0.000 -0.022 -0.071 -0.000 0.000 0.000
0.942 -1.101 1.185 -0.294 -0.515 0.000 -0.036 -0.030 -0.000 0.000 0.000
0.927 -1.127 1.185 -0.296 -0.515 0.000 -0.050 0.013 -0.000 0.000 0.000
0.912 -1.153 1.185 -0.299 -0.513 0.000 -0.063 0.059 -0.000 0.000 0.000
0.897 -1.178 1.185 -0.303 -0.509 0.000 -0.077 0.106 -0.000 0.000 0.000
0.882 -1.204 1.185 -0.307 -0.503 0.000 -0.090 0.154 -0.000 0.000 0.000
0.866 -1.229 1.185 -0.312 -0.494 0.000 -0.103 0.203 -0.000 0.000 0.000
0.850 -1.253 1.185 -0.317 -0.482 0.000 -0.115 0.251 -0.000 0.000 0.000
0.834 -1.277 1.185 -0.323 -0.469 0.000 -0.126 0.299 -0.000 0.000 0.000
0.818 -1.300 1.185 -0.330 -0.452 -0.000 -0.137 0.346 -0.000 0.000 0.000
0.801 -1.322 1.185 -0.337 -0.434 -0.000 -0.147 0.390 -0.000 0.000 0.000
0.784 -1.343 1.185 -0.344 -0.413 -0.000 -0.156 0.431 -0.000 0.000 0.000
0.767 -1.363 1.185 -0.352 -0.391 -0.000 -0.164 0.470 -0.000 0.000 0.000
0.749 -1.382 1.185 -0.361 -0.367 -0.000 -0.171 0.504 -0.000 0.000 0.000
0.731 -1.400 1.185 -0.369 -0.341 -0.000 -0.177 0.534 -0.000 0.000 0.000
0.712 -1.416 1.185 -0.378 -0.313 -0.000 -0.182 0.559 -0.000 0.000 0.000
0.693 -1.431 1.185 -0.388 -0.285 -0.000 -0.185 0.579 -0.000 0.000 0.000
0.673 -1.445 1.185 -0.397 -0.255 -0.000 -0.187 0.593 -0.000 0.000 0.000
0.653 -1.457 1.185 -0.406 -0.226 -0.000 -0.188 0.600 -0.000 0.000 0.000
0.633 -1.467 1.185 -0.416 -0.196 -0.000 -0.188 0.601 -0.000 0.000 0.000
0.612 -1.476 1.185 -0.425 -0.166 -0.000 -0.186 0.595 -0.000 0.000 0.000
0.590 -1.484 1.185 -0.434 -0.136 -0.000 -0.183 0.583 -0.000 0.000 0.000
0.568 -1.490 1.185 -0.443 -0.107 -0.000 -0.178 0.563 -0.000 0.000 0.000
0.546 -1.495 1.185 -0.452 -0.080 -0.000 -0.172 0.536 -0.000 0.000 0.000
0.523 -1.498 1.185 -0.460 -0.054 -0.000 -0.165 0.503 -0.000 0.000 0.000
0.500 -1.500 1.185 -0.468 -0.030 -0.000 -0.156 0.463 -0.000 0.000 0.000
0.476 -1.501 1.185 -0.476 -0.008 -0.000 -0.146 0.416 -0.000 0.000 0.000
0.452 -1.501 1.185 -0.483 0.012 -0.000 -0.135 0.364 -0.000 0.000 0.000
0.428 -1.500 1.185 -0.489 0.029 -0.000 -0.123 0.307 -0.000 0.000 0.000
0.403 -1.498 1.185 -0.495 0.042 -0.000 -0.109 0.245 -0.000 0.000 0.000
0.379 -1.496 1.185 -0.500 0.053 -0.000 -0.095 0.180 -0.000 0.000 0.000
0.353 -1.493 1.185 -0.505 0.060 -0.000 -0.080 0.112 -0.000 0.000 0.000
0.328 -1.490 1.185 -0.508 0.064 -0.000 -0.064 0.041 -0.000 0.000 0.000
0.303 -1.486 1.185 -0.511 0.064 -0.000 -0.047 -0.030 -0.000 0.000 0.000
0.277 -1.483 1.185 -0.513 0.061 -0.000 -0.030 -0.101 -0.000 0.000 0.000
0.251 -1.480 1.185 -0.514 0.054 -0.000 -0.013 -0.172 -0.000 0.000 0.000
0.226 -1.478 1.185 -0.514 0.044 -0.000 0.005 -0.241 -0.000 0.000 0.000
0.200 -1.476 1.185 -0.514 0.030 -0.000 0.023 -0.307 -0.000 0.000 0.000
0.174 -1.475 1.185 -0.512 0.013 -0.000 0.041 -0.369 -0.000 0.000 0.000
0.149 -1.475 1.185 -0.510 -0.007 -0.000 0.058 -0.427 -0.000 0.000 0.000
0.123 -1.476 1.185 -0.506 -0.029 -0.000 0.076 -0.479 -0.000 0.000 0.000
0.098 -1.478 1.185 -0.502 -0.054 -0.000 0.093 -0.525 -0.000 0.000 0.000
0.073 -1.481 1.185 -0.497 -0.082 -0.000 0.109 -0.563 -0.000 0.000 0.000
0.048 -1.486 1.185 -0.491 -0.111 -0.000 0.125 -0.595 -0.000 0.000 0.000
0.024 -1.492 1.185 -0.484 -0.141 -0.000 0.140 -0.618 -0.000 0.000 0.000
-0.000 -1.500 1.185 -0.477 -0.172 -0.000 0.154 -0.632 -0.000 0.000 0.000
-0.024 -1.509 1.185 -0.469 -0.204 0.000 0.167 -0.638 -0.000 0.000 0.000
-0.047 -1.520 1.185 -0.460 -0.236 0.000 0.179 -0.634 -0.000 0.000 0.000
-0.070 -1.533 1.185 -0.451 -0.267 0.000 0.190 -0.622 -0.000 0.000 0.000
-0.092 -1.547 1.185 -0.441 -0.298 0.000 0.200 -0.601 -0.000 0.000 0.000
-0.114 -1.563 1.185 -0.431 -0.327 0.000 0.208 -0.571 -0.000 0.000 0.000
-0.135 -1.580 1.185 -0.421 -0.355 0.000 0.215 -0.533 -0.000 0.000 0.000
-0.156 -1.598 1.185 -0.410 -0.380 0.000 0.221 -0.487 -0.000 0.000 0.000
-0.176 -1.618 1.185 -0.399 -0.403 0.000 0.225 -0.434 -0.000 0.000 0.000
-0.196 -1.638 1.185 -0.387 -0.424 0.000 0.227 -0.375 -0.000 0.000 0.000
-0.215 -1.660 1.185 -0.376 -0.441 0.000 0.228 -0.309 -0.000 0.000 0.000
-0.233 -1.683 1.185 -0.364 -0.455 0.000 0.228 -0.238 -0.000 0.000 0.000
-0.251 -1.705 1.185 -0.353 -0.465 0.000 0.226 -0.163 -0.000 0.000 0.000
-0.269 -1.729 1.185 -0.342 -0.471 0.000 0.222 -0.085 -0.000 0.000 0.000
-0.285 -1.753 1.185 -0.331 -0.473 0.000 0.217 -0.004 -0.000 0.000 0.000
-0.302 -1.776 1.185 -0.320 -0.471 0.000 0.210 0.079 -0.000 0.000 0.000
-0.317 -1.800 1.185 -0.310 -0.465 0.000 0.202 0.163 -0.000 0.000 0.000
-0.333 -1.823 1.185 -0.300 -0.455 0.000 0.193 0.247 -0.000 0.000 0.000
-0.347 -1.845 1.185 -0.291 -0.440 0.000 0.182 0.329 -0.000 0.000 0.000
-0.362 -1.867 1.185 -0.282 -0.422 0.000 0.170 0.409 -0.000 0.000 0.000
-0.376 -1.887 1.185 -0.274 -0.400 0.000 0.156 0.487 -0.000 0.000 0.000
-0.389 -1.906 1.185 -0.266 -0.373 0.000 0.141 0.561 -0.000 0.000 0.000
-0.402 -1.924 1.185 -0.260 -0.344 0.000 0.125 0.630 -0.000 0.000 0.000
-0.415 -1.941 1.185 -0.254 -0.310 0.000 0.109 0.693 -0.000 0.000 0.000
-0.428 -1.955 1.185 -0.249 -0.274 0.000 0.091 0.751 -0.000 0.000 0.000
-0.440 -1.968 1.185 -0.245 -0.235 0.000 0.072 0.801 -0.000 0.000 0.000
-0.452 -1.979 1.185 -0.242 -0.194 0.000 0.052 0.844 -0.000 0.000 0.000
-0.464 -1.987 1.185 -0.239 -0.151 0.000 0.032 0.879 -0.000 0.000 0.000
-0.476 -1.994 1.185 -0.238 -0.106 0.000 0.012 0.906 -0.000 0.000 0.000
-0.488 -1.998 1.185 -0.238 -0.061 0.000 -0.009 0.924 -0.000 0.000 0.000
-0.500 -2.000 1.185 -0.239 -0.014 0.000 -0.030 0.933 -0.000 0.000 0.000
-0.512 -2.000 1.185 -0.241 0.032 0.000 -0.051 0.933 -0.000 0.000 0.000
-0.524 -1.997 1.185 -0.244 0.079 0.000 -0.072 0.924 -0.000 0.000 0.000
-0.536 -1.992 1.185 -0.248 0.125 0.000 -0.093 0.906 -0.000 0.000 0.000
-0.549 -1.984 1.185 -0.254 0.169 0.000 -0.113 0.880 -0.000 0.000 0.000
-0.562 -1.975 1.185 -0.260 0.213 0.000 -0.133 0.845 -0.000 0.000 0.000
-0.575 -1.963 1.185 -0.267 0.254 0.000 -0.152 0.803 -0.000 0.000 0.000
-0.589 -1.949 1.185 -0.275 0.293 0.000 -0.169 0.753 -0.000 0.000 0.000
-0.603 -1.934 1.185 -0.284 0.329 0.000 -0.186 0.697 -0.000 0.000 0.000
-0.617 -1.917 1.185 -0.293 0.362 0.000 -0.201 0.634 -0.000 0.000 0.000
-0.632 -1.898 1.185 -0.304 0.392 0.000 -0.215 0.567 -0.000 0.000 0.000
-0.647 -1.877 1.185 -0.315 0.419 0.000 -0.227 0.495 -0.000 0.000 0.000
-0.663 -1.856 1.185 -0.327 0.442 0.000 -0.237 0.419 -0.000 0.000 0.000
-0.680 -1.833 1.185 -0.339 0.461 0.000 -0.245 0.341 -0.000 0.000 0.000
-0.697 -1.810 1.185 -0.351 0.476 0.000 -0.251 0.260 -0.000 0.000 0.000
-0.715 -1.786 1.185 -0.364 0.487 0.000 -0.255 0.179 -0.000 0.000 0.000
-0.734 -1.761 1.185 -0.376 0.494 0.000 -0.256 0.098 -0.000 0.000 0.000
-0.753 -1.736 1.185 -0.389 0.497 0.000 -0.255 0.017 -0.000 0.000 0.000
-0.773 -1.712 1.185 -0.402 0.495 0.000 -0.251 -0.062 -0.000 0.000 0.000
-0.793 -1.687 1.185 -0.414 0.490 -0.000 -0.245 -0.138 -0.000 0.000 0.000
-0.814 -1.663 1.185 -0.426 0.482 -0.000 -0.236 -0.212 -0.000 0.000 0.000
-0.836 -1.639 1.185 -0.438 0.469 -0.000 -0.224 -0.281 -0.000 0.000 0.000
-0.858 -1.616 1.185 -0.449 0.454 -0.000 -0.210 -0.345 -0.000 0.000 0.000
-0.880 -1.594 1.185 -0.459 0.435 -0.000 -0.193 -0.404 -0.000 0.000 0.000
-0.904 -1.572 1.185 -0.468 0.413 -0.000 -0.173 -0.457 -0.000 0.000 0.000
-0.927 -1.552 1.185 -0.476 0.389 -0.000 -0.151 -0.504 -0.000 0.000 0.000
-0.951 -1.533 1.185 -0.483 0.363 -0.000 -0.127 -0.544 -0.000 0.000 0.000
-0.975 -1.516 1.185 -0.489 0.335 -0.000 -0.100 -0.576 -0.000 0.000 0.000
-1.000 -1.500 1.185 -0.493 0.306 -0.000 -0.072 -0.601 -0.000 0.000 0.000
-1.025 -1.485 1.185 -0.496 0.275 -0.000 -0.041 -0.618 0.000 0.000 0.000
-1.050 -1.473 1.185 -0.497 0.244 -0.000 -0.009 -0.627 0.000 0.000 0.000
-1.074 -1.461 1.185 -0.497 0.212 -0.000 0.024 -0.630 0.000 0.000 0.000
-1.099 -1.451 1.185 -0.495 0.181 -0.000 0.059 -0.624 0.000 0.000 0.000
-1.124 -1.443 1.185 -0.491 0.150 -0.000 0.094 -0.612 0.000 0.000 0.000
-1.148 -1.436 1.185 -0.485 0.120 -0.000 0.129 -0.594 0.000 0.000 0.000
-1.172 -1.431 1.185 -0.478 0.091 -0.000 0.165 -0.569 0.000 0.000 0.000
-1.196 -1.427 1.185 -0.469 0.063 -0.000 0.200 -0.539 0.000 0.000 0.000
-1.219 -1.425 1.185 -0.458 0.037 -0.000 0.234 -0.504 0.000 0.000 0.000
-1.242 -1.423 1.185 -0.445 0.013 -0.000 0.267 -0.464 0.000 0.000 0.000
-1.264 -1.423 1.185 -0.431 -0.009 -0.000 0.298 -0.421 0.000 0.000 0.000
-1.285 -1.424 1.185 -0.416 -0.029 -0.000 0.328 -0.376 0.000 0.000 0.000
-1.305 -1.426 1.185 -0.399 -0.047 -0.000 0.355 -0.328 0.000 0.000 0.000
-1.325 -1.429 1.185 -0.380 -0.062 -0.000 0.380 -0.279 0.000 0.000 0.000
-1.343 -1.432 1.185 -0.361 -0.075 -0.000 0.401 -0.229 0.000 0.000 0.000
-1.361 -1.436 1.185 -0.340 -0.085 -0.000 0.420 -0.179 0.000 0.000 0.000
-1.377 -1.441 1.185 -0.319 -0.093 -0.000 0.435 -0.131 0.000 0.000 0.000
-1.393 -1.446 1.185 -0.297 -0.098 -0.000 0.446 -0.084 0.000 0.000 0.000
-1.407 -1.451 1.185 -0.274 -0.101 -0.000 0.453 -0.039 0.000 0.000 0.000
-1.420 -1.456 1.185 -0.251 -0.102 -0.000 0.457 0.003 0.000 0.000 0.000
-1.432 -1.461 1.185 -0.229 -0.101 -0.000 0.456 0.041 0.000 0.000 0.000
-1.443 -1.466 1.185 -0.206 -0.098 -0.000 0.450 0.075 0.000 0.000 0.000
-1.453 -1.471 1.185 -0.184 -0.093 -0.000 0.441 0.104 0.000 0.000 0.000
-1.461 -1.475 1.185 -0.162 -0.088 -0.000 0.427 0.129 0.000 0.000 0.000
-1.469 -1.479 1.185 -0.141 -0.081 -0.000 0.410 0.148 0.000 0.000 0.000
-1.475 -1.483 1.185 -0.121 -0.073 -0.000 0.388 0.162 0.000 0.000 0.000
-1.481 -1.487 1.185 -0.102 -0.064 -0.000 0.363 0.171 0.000 0.000 0.000
-1.486 -1.490 1.185 -0.085 -0.056 -0.000 0.335 0.174 0.000 0.000 0.000
-1.489 -1.492 1.185 -0.069 -0.047 -0.000 0.304 0.172 0.000 0.000 0.000
-1.492 -1.494 1.185 -0.054 -0.039 -0.000 0.271 0.165 0.000 0.000 0.000
-1.495 -1.496 1.185 -0.042 -0.031 -0.000 0.236 0.153 0.000 0.000 0.000
-1.497 -1.497 1.185 -0.031 -0.023 -0.000 0.200 0.138 0.000 0.000 0.000
-1.498 -1.498 1.185 -0.022 -0.017 -0.000 0.164 0.119 0.000 0.000 0.000
-1.499 -1.499 1.185 -0.014 -0.012 -0.000 0.129 0.098 0.000 0.000 0.000
-1.499 -1.500 1.185 -0.009 -0.007 -0.000 0.096 0.076 0.000 0.000 0.000
-1.500 -1.500 1.185 -0.005 -0.004 -0.000 0.065 0.054 0.000 0.000 0.000
-1.500 -1.500 1.185 -0.002 -0.002 -0.000 0.039 0.033 0.000 0.000 0.000
-1.500 -1.500 1.185 -0.001 -0.001 -0.000 0.019 0.016 0.000 0.000 0.000
-1.500 -1.500 1.185 -0.000 -0.000 -0.000 0.005 0.004 0.000 0.000 0.000
-1.500 -1.500 1.185 -0.000 -0.000 -0.000 -0.000 -0.000 0.000 0.000 0.000
-1.500 -1.500 0.685 -0.000 -0.000 -0.000 -0.000 -0.000 -0.001 0.000 0.000
-1.500 -1.500 0.685 -0.000 -0.000 -0.000 -0.000 -0.000 -0.003 0.000 0.000
-1.500 -1.500 0.685 -0.000 -0.000 -0.000 -0.000 -0.000 -0.007 0.000 0.000
-1.500 -1.500 0.685 -0.000 -0.000 -0.001 -0.000 -0.000 -0.011 0.000 0.000
-1.500 -1.500 0.685 -0.000 -0.000 -0.002 -0.000 -0.000 -0.017 0.000 0.000
-1.500 -1.500 0.685 -0.000 -0.000 -0.003 -0.000 -0.000 -0.024 0.000 0.000
-1.500 -1.500 0.685 -0.000 -0.000 -0.004 -0.000 -0.000 -0.031 0.000 0.000
-1.500 -1.500 0.684 -0.000 -0.000 -0.006 -0.000 -0.000 -0.038 0.000 0.000
-1.500 -1.500 0.684 -0.000 -0.000 -0.008 -0.000 -0.000 -0.046 0.000 0.000
-1.500 -1.500 0.684 -0.000 -0.000 -0.010 -0.000 -0.000 -0.054 0.000 0.000
-1.500 -1.500 0.683 -0.000 -0.000 -0.013 -0.000 -0.000 -0.063 0.000 0.000
-1.500 -1.500 0.682 -0.000 -0.000 -0.016 -0.000 -0.000 -0.071 0.000 0.000
-1.500 -1.500 0.681 -0.000 -0.000 -0.020 -0.000 -0.000 -0.080 0.000 0.000
-1.500 -1.500 0.680 -0.000 -0.000 -0.024 -0.000 -0.000 -0.088 0.000 0.000
-1.500 -1.500 0.679 -0.000 -0.000 -0.029 -0.000 -0.000 -0.096 0.000 0.000
-1.500 -1.500 0.677 -0.000 -0.000 -0.034 -0.000 -0.000 -0.103 0.000 0.000
-1.500 -1.500 0.676 -0.000 -0.000 -0.039 -0.000 -0.000 -0.110 0.000 0.000
-1.500 -1.500 0.673 -0.000 -0.000 -0.045 -0.000 -0.000 -0.117 0.000 0.000
-1.500 -1.500 0.671 -0.000 -0.000 -0.051 -0.000 -0.000 -0.123 0.000 0.000
-1.500 -1.500 0.668 -0.000 -0.000 -0.057 -0.000 -0.000 -0.129 0.000 0.000
-1.500 -1.500 0.665 -0.000 -0.000 -0.064 -0.000 -0.000 -0.134 0.000 0.000
-1.500 -1.500 0.662 -0.000 -0.000 -0.071 -0.000 -0.000 -0.139 0.000 0.000
-1.500 -1.500 0.658 -0.000 -0.000 -0.078 -0.000 -0.000 -0.142 0.000 0.000
-1.500 -1.500 0.654 -0.000 -0.000 -0.085 -0.000 -0.000 -0.145 0.000 0.000
-1.500 -1.500 0.650 -0.000 -0.000 -0.092 -0.000 -0.000 -0.148 0.000 0.000
-1.500 -1.500 0.645 -0.000 -0.000 -0.100 0.000 0.000 -0.149 0.000 0.000
-1.500 -1.500 0.640 -0.000 -0.000 -0.107 0.000 0.000 -0.150 0.000 0.000
-1.500 -1.500 0.634 -0.000 -0.000 -0.115 0.000 0.000 -0.150 0.000 0.000
-1.500 -1.500 0.628 -0.000 -0.000 -0.122 0.000 0.000 -0.150 0.000 0.000
-1.500 -1.500 0.622 -0.000 -0.000 -0.130 0.000 0.000 -0.148 0.000 0.000
-1.500 -1.500 0.615 -0.000 -0.000 -0.137 0.000 0.000 -0.146 0.000 0.000
-1.500 -1.500 0.608 -0.000 -0.000 -0.144 0.000 0.000 -0.143 0.000 0.000
-1.500 -1.500 0.601 -0.000 -0.000 -0.151 0.000 0.000 -0.140 0.000 0.000
-1.500 -1.500 0.593 -0.000 -0.000 -0.158 0.000 0.000 -0.135 0.000 0.000
-1.500 -1.500 0.585 -0.000 -0.000 -0.165 0.000 0.000 -0.130 0.000 0.000
-1.500 -1.500 0.577 -0.000 -0.000 -0.171 0.000 0.000 -0.125 0.000 0.000
-1.500 -1.500 0.568 0.000 0.000 -0.177 0.000 0.000 -0.119 0.000 0.000
-1.500 -1.500 0.559 0.000 0.000 -0.183 0.000 0.000 -0.112 0.000 0.000
-1.500 -1.500 0.550 0.000 0.000 -0.189 0.000 0.000 -0.105 0.000 0.000
-1.500 -1.500 0.540 0.000 0.000 -0.194 0.000 0.000 -0.097 0.000 0.000
-1.500 -1.500 0.530 0.000 0.000 -0.198 0.000 0.000 -0.088 0.000 0.000
-1.500 -1.500 0.520 0.000 0.000 -0.202 0.000 0.000 -0.080 0.000 0.000
-1.500 -1.500 0.510 0.000 0.000 -0.206 0.000 0.000 -0.071 0.000 0.000
-1.500 -1.500 0.500 0.000 0.000 -0.209 0.000 0.000 -0.061 0.000 0.000
-1.500 -1.500 0.489 0.000 0.000 -0.212 0.000 0.000 -0.051 0.000 0.000
-1.500 -1.500 0.478 0.000 0.000 -0.215 0.000 0.000 -0.041 0.000 0.000
-1.500 -1.500 0.468 0.000 0.000 -0.216 0.000 0.000 -0.031 0.000 0.000
-1.500 -1.500 0.457 0.000 0.000 -0.218 0.000 0.000 -0.021 0.000 0.000
-1.500 -1.500 0.446 0.000 0.000 -0.218 0.000 0.000 -0.010 0.000 0.000
-1.500 -1.500 0.435 0.000 0.000 -0.219 0.000 0.000 0.000 0.000 0.000
-1.500 -1.500 0.424 0.000 0.000 -0.218 0.000 0.000 0.010 0.000 0.000
-1.500 -1.500 0.413 0.000 0.000 -0.218 0.000 0.000 0.021 0.000 0.000
-1.500 -1.500 0.402 0.000 0.000 -0.216 0.000 0.000 0.031 0.000 0.000
-1.500 -1.500 0.392 0.000 0.000 -0.215 0.000 0.000 0.041 0.000 0.000
-1.500 -1.500 0.381 0.000 0.000 -0.212 0.000 0.000 0.051 0.000 0.000
-1.500 -1.500 0.370 0.000 0.000 -0.209 0.000 0.000 0.061 0.000 0.000
-1.500 -1.500 0.360 0.000 0.000 -0.206 0.000 0.000 0.071 0.000 0.000
-1.500 -1.500 0.350 0.000 0.000 -0.202 0.000 0.000 0.080 0.000 0.000
-1.500 -1.500 0.340 0.000 0.000 -0.198 0.000 0.000 0.088 0.000 0.000
-1.500 -1.500 0.330 0.000 0.000 -0.194 0.000 0.000 0.097 0.000 0.000
-1.500 -1.500 0.320 0.000 0.000 -0.189 0.000 0.000 0.105 0.000 0.000
-1.500 -1.500 0.311 0.000 0.000 -0.183 0.000 0.000 0.112 0.000 0.000
-1.500 -1.500 0.302 0.000 0.000 -0.177 0.000 0.000 0.119 0.000 0.000
-1.500 -1.500 0.293 0.000 0.000 -0.171 0.000 0.000 0.125 0.000 0.000
-1.500 -1.500 0.285 0.000 0.000 -0.165 -0.000 -0.000 0.130 0.000 0.000
-1.500 -1.500 0.277 0.000 0.000 -0.158 -0.000 -0.000 0.135 0.000 0.000
-1.500 -1.500 0.269 0.000 0.000 -0.151 -0.000 -0.000 0.140 0.000 0.000
-1.500 -1.500 0.262 0.000 0.000 -0.144 -0.000 -0.000 0.143 0.000 0.000
-1.500 -1.500 0.255 0.000 0.000 -0.137 -0.000 -0.000 0.146 0.000 0.000
-1.500 -1.500 0.248 0.000 0.000 -0.130 -0.000 -0.000 0.148 0.000 0.000
-1.500 -1.500 0.242 0.000 0.000 -0.122 -0.000 -0.000 0.150 0.000 0.000
-1.500 -1.500 0.236 0.000 0.000 -0.115 -0.000 -0.000 0.150 0.000 0.000
-1.500 -1.500 0.230 0.000 0.000 -0.107 -0.000 -0.000 0.150 0.000 0.000
-1.500 -1.500 0.225 0.000 0.000 -0.100 -0.000 -0.000 0.149 0.000 0.000
-1.500 -1.500 0.220 0.000 0.000 -0.092 -0.000 -0.000 0.148 0.000 0.000
-1.500 -1.500 0.216 0.000 0.000 -0.085 -0.000 -0.000 0.145 0.000 0.000
-1.500 -1.500 0.212 0.000 0.000 -0.078 -0.000 -0.000 0.142 0.000 0.000
-1.500 -1.500 0.208 0.000 0.000 -0.071 -0.000 -0.000 0.139 0.000 0.000
-1.500 -1.500 0.205 0.000 0.000 -0.064 -0.000 -0.000 0.134 0.000 0.000
-1.500 -1.500 0.202 0.000 0.000 -0.057 -0.000 -0.000 0.129 0.000 0.000
-1.500 -1.500 0.199 -0.000 -0.000 -0.051 -0.000 -0.000 0.123 0.000 0.000
-1.500 -1.500 0.197 -0.000 -0.000 -0.045 -0.000 -0.000 0.117 0.000 0.000
-1.500 -1.500 0.194 -0.000 -0.000 -0.039 -0.000 -0.000 0.110 0.000 0.000
-1.500 -1.500 0.193 -0.000 -0.000 -0.034 -0.000 -0.000 0.103 0.000 0.000
-1.500 -1.500 0.191 -0.000 -0.000 -0.029 -0.000 -0.000 0.096 0.000 0.000
-1.500 -1.500 0.190 -0.000 -0.000 -0.024 -0.000 -0.000 0.088 0.000 0.000
-1.500 -1.500 0.189 -0.000 -0.000 -0.020 -0.000 -0.000 0.080 0.000 0.000
-1.500 -1.500 0.188 -0.000 -0.000 -0.016 -0.000 -0.000 0.071 0.000 0.000
-1.500 -1.500 0.187 -0.000 -0.000 -0.013 -0.000 -0.000 0.063 0.000 0.000
-1.500 -1.500 0.186 -0.000 -0.000 -0.010 -0.000 -0.000 0.054 0.000 0.000
-1.500 -1.500 0.186 -0.000 -0.000 -0.008 -0.000 -0.000 0.046 0.000 0.000
-1.500 -1.500 0.186 -0.000 -0.000 -0.006 -0.000 -0.000 0.038 0.000 0.000
-1.500 -1.500 0.185 -0.000 -0.000 -0.004 -0.000 -0.000 0.031 0.000 0.000
-1.500 -1.500 0.185 -0.000 -0.000 -0.003 -0.000 -0.000 0.024 0.000 0.000
-1.500 -1.500 0.185 -0.000 -0.000 -0.002 -0.000 -0.000 0.017 0.000 0.000
-1.500 -1.500 0.185 -0.000 -0.000 -0.001 -0.000 -0.000 0.011 0.000 0.000
-1.500 -1.500 0.185 -0.000 -0.000 -0.000 -0.000 -0.000 0.007 0.000 0.000
-1.500 -1.500 0.185 -0.000 -0.000 -0.000 -0.000 -0.000 0.003 0.000 0.000
-1.500 -1.500 0.185 -0.000 -0.000 -0.000 -0.000 -0.000 0.001 0.000 0.000
-1.500 -1.500 0.185 -0.000 -0.000 -0.000 -0.000 -0.000 -0.000 0.000 0.000
