0.000 -0.000 0.063
0.000 -0.000 0.119
0.000 -0.000 0.167
0.000 -0.000 0.209
0.000 -0.000 0.243
0.000 -0.000 0.272
0.000 -0.000 0.295
0.000 -0.000 0.313
0.000 -0.000 0.325
-0.000 0.000 0.333
-0.000 0.000 0.336
-0.000 0.000 0.335
-0.000 0.000 0.330
-0.000 0.000 0.322
-0.000 0.000 0.311
-0.000 0.000 0.296
-0.000 0.000 0.279
-0.000 0.000 0.260
-0.000 0.000 0.238
-0.000 0.000 0.215
-0.000 0.000 0.190
-0.000 0.000 0.164
-0.000 0.000 0.136
-0.000 0.000 0.108
-0.000 0.000 0.079
-0.000 0.000 0.049
-0.000 0.000 0.019
-0.000 0.000 -0.011
-0.000 0.000 -0.041
-0.000 0.000 -0.071
-0.000 0.000 -0.100
-0.000 0.000 -0.129
-0.000 0.000 -0.157
-0.000 0.000 -0.184
-0.000 0.000 -0.210
-0.000 0.000 -0.235
-0.000 0.000 -0.259
-0.000 0.000 -0.282
-0.000 0.000 -0.303
-0.000 0.000 -0.323
-0.000 0.000 -0.341
-0.000 0.000 -0.357
-0.000 0.000 -0.371
-0.000 0.000 -0.384
-0.000 0.000 -0.395
-0.000 0.000 -0.404
-0.000 0.000 -0.411
-0.000 0.000 -0.416
-0.000 0.000 -0.419
-0.000 0.000 -0.420
-0.000 0.000 -0.419
-0.000 0.000 -0.416
-0.000 0.000 -0.411
-0.000 0.000 -0.404
-0.000 0.000 -0.395
-0.000 0.000 -0.384
-0.000 0.000 -0.371
-0.000 0.000 -0.357
-0.000 0.000 -0.341
-0.000 0.000 -0.323
-0.000 0.000 -0.303
-0.000 0.000 -0.282
-0.000 0.000 -0.259
-0.000 0.000 -0.235
-0.000 0.000 -0.210
-0.000 0.000 -0.184
-0.000 0.000 -0.157
-0.000 0.000 -0.129
-0.000 0.000 -0.100
-0.000 0.000 -0.071
-0.000 0.000 -0.041
-0.000 0.000 -0.011
-0.000 0.000 0.019
-0.000 0.000 0.049
-0.000 0.000 0.079
-0.000 0.000 0.108
-0.000 0.000 0.136
-0.000 0.000 0.164
-0.000 0.000 0.190
-0.000 0.000 0.215
-0.000 0.000 0.238
-0.000 0.000 0.260
-0.000 0.000 0.279
-0.000 0.000 0.296
-0.000 0.000 0.311
-0.000 0.000 0.322
0.000 -0.000 0.330
0.000 -0.000 0.335
0.000 -0.000 0.336
0.000 -0.000 0.333
0.000 -0.000 0.325
0.000 -0.000 0.313
0.000 -0.000 0.295
0.000 -0.000 0.272
0.000 -0.000 0.243
0.000 -0.000 0.209
0.000 -0.000 0.167
0.000 -0.000 0.119
0.000 -0.000 0.063
0.000 -0.000 0.000
0.000 0.000 0.000
0.000 0.000 0.000
0.000 0.000 0.000
0.000 0.000 0.000
0.000 0.000 0.000
0.000 0.000 0.000
0.000 0.000 0.000
0.000 0.000 0.000
0.000 0.000 0.000
0.000 0.000 0.000
0.000 0.000 0.000
0.000 0.000 0.000
0.000 0.000 0.000
0.000 0.000 0.000
0.000 0.000 0.000
0.000 0.000 0.000
0.000 0.000 0.000
0.000 0.000 0.000
0.000 0.000 0.000
0.000 0.000 0.000
0.000 0.000 0.000
0.000 0.000 0.000
0.000 0.000 0.000
0.000 0.000 0.000
0.000 0.000 0.000
0.000 0.000 0.000
0.000 0.000 0.000
0.000 0.000 0.000
0.000 0.000 0.000
0.000 0.000 0.000
0.000 0.000 0.000
0.000 0.000 0.000
0.000 0.000 0.000
0.000 0.000 0.000
0.000 0.000 0.000
0.000 0.000 0.000
0.000 0.000 0.000
0.000 0.000 0.000
0.000 0.000 0.000
0.000 0.000 0.000
0.000 0.000 0.000
0.000 0.000 0.000
0.000 0.000 0.000
0.000 0.000 0.000
0.000 0.000 0.000
0.000 0.000 0.000
0.000 0.000 0.000
0.000 0.000 0.000
0.000 0.000 0.000
0.000 0.000 0.000
0.000 0.000 0.000
0.000 0.000 0.000
0.000 0.000 0.000
0.000 0.000 0.000
0.000 0.000 0.000
0.000 0.000 0.000
0.000 0.000 0.000
0.000 0.000 0.000
0.000 0.000 0.000
0.000 0.000 0.000
0.000 0.000 0.000
0.000 0.000 0.000
0.000 0.000 0.000
0.000 0.000 0.000
0.000 0.000 0.000
0.000 0.000 0.000
0.000 0.000 0.000
0.000 0.000 0.000
0.000 0.000 0.000
0.000 0.000 0.000
0.000 0.000 0.000
0.000 0.000 0.000
0.000 0.000 0.000
0.000 0.000 0.000
0.000 0.000 0.000
0.000 0.000 0.000
0.000 0.000 0.000
0.000 0.000 0.000
0.000 0.000 0.000
0.000 0.000 0.000
0.000 0.000 0.000
0.000 0.000 0.000
0.000 0.000 0.000
0.000 0.000 0.000
0.000 0.000 0.000
0.000 0.000 0.000
0.000 0.000 0.000
0.000 0.000 0.000
0.000 0.000 0.000
0.000 0.000 0.000
0.000 0.000 0.000
0.000 0.000 0.000
0.000 0.000 0.000
0.000 0.000 0.000
0.000 0.000 0.000
0.000 0.000 0.000
0.000 0.000 0.000
0.000 0.000 0.000
0.000 0.000 0.000
0.000 0.000 0.000
0.000 0.000 0.000
0.000 0.000 0.000
0.000 0.000 0.000
0.000 0.000 0.000
0.000 0.000 0.000
0.000 0.000 0.000
0.000 0.000 0.000
0.000 0.000 0.000
0.000 0.000 0.000
0.000 0.000 0.000
0.000 0.000 0.000
0.000 0.000 0.000
0.000 0.000 0.000
0.000 0.000 0.000
0.000 0.000 0.000
0.000 0.000 0.000
0.000 0.000 0.000
0.000 0.000 0.000
0.000 0.000 0.000
0.000 0.000 0.000
0.000 0.000 0.000
0.000 0.000 0.000
0.000 0.000 0.000
0.000 0.000 0.000
0.000 0.000 0.000
0.000 0.000 0.000
0.000 0.000 0.000
0.000 0.000 0.000
0.000 0.000 0.000
0.000 0.000 0.000
0.000 0.000 0.000
0.000 0.000 0.000
0.000 0.000 0.000
0.000 0.000 0.000
0.000 0.000 0.000
0.000 0.000 0.000
0.000 0.000 0.000
0.000 0.000 0.000
0.000 0.000 0.000
0.000 0.000 0.000
0.000 0.000 0.000
0.000 0.000 0.000
0.000 0.000 0.000
0.000 0.000 0.000
0.000 0.000 0.000
0.000 0.000 0.000
0.000 0.000 0.000
0.000 0.000 0.000
0.000 0.000 0.000
0.000 0.000 0.000
0.000 0.000 0.000
0.000 0.000 0.000
0.000 0.000 0.000
0.000 0.000 0.000
0.000 0.000 0.000
0.000 0.000 0.000
0.000 0.000 0.000
0.000 0.000 0.000
0.000 0.000 0.000
0.000 0.000 0.000
0.000 0.000 0.000
0.000 0.000 0.000
0.000 0.000 0.000
0.000 0.000 0.000
0.000 0.000 0.000
0.000 0.000 0.000
0.000 0.000 0.000
0.000 0.000 0.000
0.000 0.000 0.000
0.000 0.000 0.000
0.000 0.000 0.000
0.000 0.000 0.000
0.000 0.000 0.000
0.000 0.000 0.000
0.000 0.000 0.000
0.000 0.000 0.000
0.000 0.000 0.000
0.000 0.000 0.000
0.000 0.000 0.000
0.000 0.000 0.000
0.000 0.000 0.000
0.000 0.000 0.000
0.000 0.000 0.000
0.000 0.000 0.000
0.000 0.000 0.000
0.000 0.000 0.000
0.000 0.000 0.000
0.000 0.000 0.000
0.000 0.000 0.000
0.000 0.000 0.000
0.000 0.000 0.000
0.000 0.000 0.000
0.000 0.000 0.000
0.000 0.000 0.000
0.000 0.000 0.000
0.000 0.000 0.000
0.000 0.000 0.000
0.000 0.000 0.000
0.000 0.000 0.000
0.000 0.000 0.000
0.101 -0.077 -0.000
0.187 -0.144 -0.000
0.258 -0.202 -0.000
0.315 -0.251 -0.000
0.360 -0.291 -0.000
0.393 -0.324 -0.000
0.415 -0.349 -0.000
0.428 -0.367 -0.000
0.432 -0.379 -0.000
0.427 -0.385 -0.000
0.416 -0.385 -0.000
0.399 -0.380 -0.000
0.375 -0.371 -0.000
0.348 -0.357 -0.000
0.316 -0.340 -0.000
0.280 -0.319 -0.000
0.242 -0.295 -0.000
0.202 -0.268 -0.000
0.160 -0.239 -0.000
0.118 -0.208 -0.000
0.075 -0.176 -0.000
0.032 -0.142 -0.000
-0.011 -0.107 -0.000
-0.053 -0.072 -0.000
-0.093 -0.036 -0.000
-0.132 0.001 -0.000
-0.169 0.036 -0.000
-0.203 0.072 -0.000
-0.235 0.107 0.000
-0.264 0.141 0.000
-0.290 0.174 0.000
-0.313 0.206 0.000
-0.333 0.237 0.000
-0.349 0.265 0.000
-0.361 0.292 0.000
-0.371 0.317 0.000
-0.376 0.340 0.000
-0.378 0.361 0.000
-0.377 0.379 0.000
-0.372 0.395 0.000
-0.364 0.409 0.000
-0.353 0.419 0.000
-0.339 0.428 0.000
-0.322 0.433 0.000
-0.302 0.435 0.000
-0.281 0.435 0.000
-0.257 0.432 0.000
-0.232 0.426 0.000
-0.206 0.417 0.000
-0.179 0.405 0.000
-0.151 0.391 0.000
-0.124 0.373 0.000
-0.096 0.353 0.000
-0.069 0.330 0.000
-0.043 0.305 0.000
-0.017 0.278 0.000
0.007 0.248 0.000
0.030 0.216 0.000
0.051 0.181 0.000
0.070 0.146 0.000
0.088 0.108 0.000
0.104 0.069 0.000
0.117 0.029 0.000
0.129 -0.012 0.000
0.138 -0.053 0.000
0.145 -0.095 0.000
0.150 -0.137 0.000
0.153 -0.179 0.000
0.154 -0.221 0.000
0.152 -0.261 0.000
0.149 -0.300 -0.000
0.144 -0.338 -0.000
0.137 -0.373 -0.000
0.128 -0.406 -0.000
0.118 -0.437 -0.000
0.107 -0.463 -0.000
0.095 -0.487 -0.000
0.082 -0.506 -0.000
0.068 -0.520 -0.000
0.054 -0.529 -0.000
0.040 -0.534 -0.000
0.026 -0.533 -0.000
0.012 -0.526 -0.000
-0.001 -0.513 -0.000
-0.014 -0.495 -0.000
-0.027 -0.471 -0.000
-0.039 -0.441 -0.000
-0.050 -0.405 -0.000
-0.060 -0.364 -0.000
-0.069 -0.317 -0.000
-0.077 -0.265 -0.000
-0.084 -0.209 -0.000
-0.090 -0.148 -0.000
-0.095 -0.082 -0.000
-0.098 -0.013 -0.000
-0.100 0.059 -0.000
-0.102 0.134 -0.000
-0.102 0.211 -0.000
-0.100 0.289 -0.000
-0.098 0.368 -0.000
-0.095 0.446 -0.000
-0.091 0.524 -0.000
-0.086 0.600 -0.000
-0.080 0.673 -0.000
-0.073 0.743 0.000
-0.066 0.808 0.000
-0.059 0.868 0.000
-0.051 0.921 0.000
-0.042 0.967 0.000
-0.034 1.005 0.000
-0.025 1.036 0.000
-0.017 1.057 0.000
-0.008 1.070 0.000
0.000 1.074 0.000
0.009 1.067 0.000
0.017 1.052 0.000
0.025 1.026 0.000
0.032 0.991 0.000
0.039 0.946 0.000
0.046 0.892 0.000
0.053 0.829 0.000
0.059 0.757 0.000
0.065 0.677 0.000
0.070 0.590 0.000
0.074 0.495 0.000
0.079 0.394 0.000
0.083 0.287 0.000
0.086 0.175 0.000
0.089 0.060 0.000
0.092 -0.058 0.000
0.094 -0.178 -0.000
0.096 -0.298 -0.000
0.098 -0.418 -0.000
0.099 -0.535 -0.000
0.100 -0.649 -0.000
0.101 -0.757 -0.000
0.102 -0.859 -0.000
0.103 -0.954 -0.000
0.104 -1.040 -0.000
0.105 -1.117 -0.000
0.105 -1.184 -0.000
0.106 -1.239 -0.000
0.107 -1.283 -0.000
0.108 -1.314 -0.000
0.108 -1.334 -0.000
0.109 -1.341 -0.000
0.109 -1.335 -0.000
0.109 -1.316 -0.000
0.109 -1.285 -0.000
0.109 -1.242 -0.000
0.108 -1.187 -0.000
0.107 -1.121 -0.000
0.105 -1.044 -0.000
0.103 -0.957 -0.000
0.100 -0.861 -0.000
0.096 -0.757 -0.000
0.091 -0.647 -0.000
0.085 -0.530 -0.000
0.078 -0.410 -0.000
0.070 -0.286 -0.000
0.060 -0.162 -0.000
0.048 -0.038 -0.000
0.035 0.083 -0.000
0.020 0.201 -0.000
0.002 0.312 -0.000
-0.017 0.416 -0.000
-0.039 0.511 -0.000
-0.063 0.597 -0.000
-0.088 0.672 -0.000
-0.116 0.735 -0.000
-0.146 0.786 -0.000
-0.177 0.825 -0.000
-0.209 0.852 -0.000
-0.243 0.865 -0.000
-0.277 0.866 -0.000
-0.311 0.855 -0.000
-0.346 0.832 -0.000
-0.380 0.798 -0.000
-0.413 0.754 -0.000
-0.445 0.701 -0.000
-0.474 0.640 -0.000
-0.501 0.572 -0.000
-0.525 0.499 -0.000
-0.544 0.423 -0.000
-0.559 0.345 -0.000
-0.569 0.267 -0.000
-0.573 0.189 -0.000
-0.571 0.113 -0.000
-0.564 0.040 -0.000
-0.550 -0.028 -0.000
-0.530 -0.092 -0.000
-0.503 -0.151 -0.000
-0.471 -0.203 -0.000
-0.432 -0.248 -0.000
-0.387 -0.287 -0.000
-0.337 -0.317 -0.000
-0.282 -0.340 -0.000
-0.222 -0.356 -0.000
-0.158 -0.363 -0.000
-0.090 -0.363 -0.000
-0.020 -0.355 -0.000
0.053 -0.340 -0.000
0.126 -0.319 -0.000
0.200 -0.291 -0.000
0.273 -0.258 -0.000
0.344 -0.220 -0.000
0.412 -0.178 -0.000
0.475 -0.133 -0.000
0.533 -0.086 -0.000
0.583 -0.039 -0.000
0.625 0.008 -0.000
0.656 0.052 -0.000
0.676 0.093 -0.000
0.682 0.129 -0.000
0.672 0.158 -0.000
0.645 0.178 -0.000
0.599 0.188 -0.000
0.531 0.185 -0.000
0.439 0.167 -0.000
0.322 0.131 -0.000
0.176 0.077 -0.000
0.000 0.000 -0.000
0.000 0.000 0.000
0.000 0.000 0.000
0.000 0.000 0.000
0.000 0.000 0.000
0.000 0.000 0.000
0.000 0.000 0.000
0.000 0.000 0.000
0.000 0.000 0.000
0.000 0.000 0.000
0.000 0.000 0.000
0.000 0.000 0.000
0.000 0.000 0.000
0.000 0.000 0.000
0.000 0.000 0.000
0.000 0.000 0.000
0.000 0.000 0.000
0.000 0.000 0.000
0.000 0.000 0.000
0.000 0.000 0.000
0.000 0.000 0.000
0.000 0.000 0.000
0.000 0.000 0.000
0.000 0.000 0.000
0.000 0.000 0.000
0.000 0.000 0.000
0.000 0.000 0.000
0.000 0.000 0.000
0.000 0.000 0.000
0.000 0.000 0.000
0.000 0.000 0.000
0.000 0.000 0.000
0.000 0.000 0.000
0.000 0.000 0.000
0.000 0.000 0.000
0.000 0.000 0.000
0.000 0.000 0.000
0.000 0.000 0.000
0.000 0.000 0.000
0.000 0.000 0.000
0.000 0.000 0.000
0.000 0.000 0.000
0.000 0.000 0.000
0.000 0.000 0.000
0.000 0.000 0.000
0.000 0.000 0.000
0.000 0.000 0.000
0.000 0.000 0.000
0.000 0.000 0.000
0.000 0.000 0.000
0.000 0.000 0.000
0.000 0.000 0.000
0.000 0.000 0.000
0.000 0.000 0.000
0.000 0.000 0.000
0.000 0.000 0.000
0.000 0.000 0.000
0.000 0.000 0.000
0.000 0.000 0.000
0.000 0.000 0.000
0.000 0.000 0.000
-0.090 -0.147 -0.000
-0.168 -0.268 -0.000
-0.232 -0.364 -0.000
-0.286 -0.437 -0.000
-0.328 -0.489 -0.000
-0.361 -0.523 -0.000
-0.385 -0.541 -0.000
-0.400 -0.543 -0.000
-0.407 -0.531 -0.000
-0.408 -0.508 -0.000
-0.402 -0.475 -0.000
-0.390 -0.433 -0.000
-0.373 -0.385 -0.000
-0.352 -0.330 -0.000
-0.326 -0.271 -0.000
-0.298 -0.208 -0.000
-0.266 -0.143 -0.000
-0.232 -0.077 -0.000
-0.196 -0.011 -0.000
-0.159 0.054 -0.000
-0.121 0.117 -0.000
-0.082 0.178 -0.000
-0.043 0.235 -0.000
-0.004 0.288 -0.000
0.034 0.337 -0.000
0.071 0.381 -0.000
0.108 0.419 -0.000
0.142 0.451 -0.000
0.176 0.477 -0.000
0.207 0.497 -0.000
0.236 0.509 -0.000
0.263 0.515 -0.000
0.288 0.515 -0.000
0.309 0.507 -0.000
0.329 0.492 0.000
0.345 0.471 0.000
0.358 0.444 0.000
0.369 0.411 0.000
0.377 0.372 0.000
0.381 0.328 0.000
0.383 0.279 0.000
0.382 0.226 0.000
0.378 0.170 0.000
0.372 0.111 0.000
0.362 0.050 0.000
0.351 -0.012 0.000
0.337 -0.073 0.000
0.321 -0.135 0.000
0.303 -0.194 0.000
0.283 -0.250 0.000
0.262 -0.302 0.000
0.239 -0.349 0.000
0.216 -0.391 0.000
0.191 -0.426 0.000
0.166 -0.454 0.000
0.140 -0.475 0.000
0.114 -0.489 0.000
0.088 -0.494 0.000
0.061 -0.491 0.000
0.035 -0.479 0.000
0.009 -0.459 0.000
-0.017 -0.431 0.000
-0.042 -0.394 0.000
-0.066 -0.350 0.000
-0.090 -0.298 -0.000
-0.112 -0.239 -0.000
-0.134 -0.174 -0.000
-0.155 -0.103 -0.000
-0.174 -0.027 -0.000
-0.192 0.054 -0.000
-0.208 0.138 -0.000
-0.223 0.224 -0.000
-0.236 0.311 -0.000
-0.248 0.399 -0.000
-0.257 0.485 -0.000
-0.265 0.568 -0.000
-0.271 0.646 -0.000
-0.276 0.719 -0.000
-0.278 0.785 -0.000
-0.278 0.843 -0.000
-0.276 0.891 -0.000
-0.272 0.929 -0.000
-0.266 0.956 -0.000
-0.258 0.971 -0.000
-0.248 0.975 -0.000
-0.237 0.965 -0.000
-0.223 0.943 -0.000
-0.208 0.908 -0.000
-0.190 0.861 -0.000
-0.172 0.801 -0.000
-0.151 0.730 -0.000
-0.130 0.646 -0.000
-0.106 0.552 -0.000
-0.082 0.448 -0.000
-0.057 0.335 -0.000
-0.031 0.214 -0.000
-0.004 0.086 -0.000
0.023 -0.048 -0.000
0.051 -0.185 -0.000
0.079 -0.324 -0.000
0.106 -0.464 -0.000
0.134 -0.602 -0.000
0.161 -0.736 -0.000
0.186 -0.865 0.000
0.211 -0.985 -0.000
0.235 -1.094 -0.000
0.257 -1.191 -0.000
0.277 -1.273 -0.000
0.295 -1.340 -0.000
0.312 -1.389 -0.000
0.325 -1.420 -0.000
0.337 -1.432 -0.000
0.346 -1.425 -0.000
0.352 -1.398 -0.000
0.356 -1.351 -0.000
0.357 -1.286 -0.000
0.355 -1.202 -0.000
0.351 -1.100 -0.000
0.344 -0.981 -0.000
0.335 -0.848 -0.000
0.323 -0.701 -0.000
0.308 -0.543 -0.000
0.292 -0.375 -0.000
0.273 -0.201 -0.000
0.252 -0.023 -0.000
0.230 0.157 -0.000
0.205 0.335 -0.000
0.180 0.510 -0.000
0.153 0.678 -0.000
0.125 0.839 -0.000
0.096 0.989 -0.000
0.066 1.128 -0.000
0.036 1.254 -0.000
0.006 1.365 -0.000
-0.025 1.461 -0.000
-0.056 1.540 -0.000
-0.087 1.601 -0.000
-0.117 1.644 -0.000
-0.147 1.669 -0.000
-0.176 1.676 -0.000
-0.205 1.663 -0.000
-0.232 1.632 -0.000
-0.258 1.582 -0.000
-0.283 1.515 -0.000
-0.307 1.430 -0.000
-0.329 1.329 -0.000
-0.349 1.212 -0.000
-0.366 1.082 -0.000
-0.382 0.938 -0.000
-0.396 0.783 -0.000
-0.407 0.619 -0.000
-0.415 0.448 -0.000
-0.420 0.271 -0.000
-0.423 0.090 -0.000
-0.422 -0.090 0.000
-0.418 -0.269 0.000
-0.410 -0.444 0.000
-0.399 -0.613 0.000
-0.384 -0.773 0.000
-0.366 -0.924 0.000
-0.344 -1.063 0.000
-0.318 -1.189 0.000
-0.290 -1.301 0.000
-0.257 -1.398 0.000
-0.222 -1.478 0.000
-0.183 -1.542 0.000
-0.142 -1.589 0.000
-0.097 -1.618 0.000
-0.051 -1.630 -0.000
-0.002 -1.623 -0.000
0.048 -1.599 -0.000
0.100 -1.558 -0.000
0.153 -1.501 -0.000
0.206 -1.427 -0.000
0.260 -1.339 -0.000
0.313 -1.237 -0.000
0.365 -1.123 -0.000
0.416 -0.997 -0.000
0.465 -0.862 -0.000
0.511 -0.720 -0.000
0.554 -0.572 -0.000
0.593 -0.420 -0.000
0.628 -0.268 -0.000
0.657 -0.117 -0.000
0.680 0.031 -0.000
0.697 0.174 -0.000
0.707 0.309 -0.000
0.709 0.435 -0.000
0.705 0.551 -0.000
0.693 0.655 -0.000
0.673 0.747 -0.000
0.646 0.825 -0.000
0.611 0.889 -0.000
0.569 0.938 -0.000
0.520 0.973 -0.000
0.464 0.992 -0.000
0.402 0.995 -0.000
0.335 0.984 -0.000
0.262 0.958 -0.000
0.185 0.919 -0.000
0.105 0.866 -0.000
0.023 0.800 -0.000
-0.062 0.724 -0.000
-0.146 0.637 -0.000
-0.230 0.543 -0.000
-0.313 0.442 0.000
-0.391 0.335 0.000
-0.465 0.227 0.000
-0.533 0.117 0.000
-0.593 0.010 0.000
-0.644 -0.093 0.000
-0.683 -0.189 0.000
-0.709 -0.274 0.000
-0.720 -0.346 0.000
-0.714 -0.401 0.000
-0.688 -0.436 0.000
-0.641 -0.447 -0.000
-0.571 -0.430 -0.000
-0.474 -0.381 -0.000
-0.348 -0.296 -0.000
-0.191 -0.171 -0.000
-0.000 -0.000 -0.000
-0.000 -0.000 -0.032
-0.000 -0.000 -0.059
-0.000 -0.000 -0.084
-0.000 -0.000 -0.104
-0.000 -0.000 -0.122
-0.000 -0.000 -0.136
-0.000 -0.000 -0.148
-0.000 -0.000 -0.156
-0.000 -0.000 -0.162
-0.000 -0.000 -0.166
-0.000 -0.000 -0.168
-0.000 -0.000 -0.167
-0.000 -0.000 -0.165
-0.000 -0.000 -0.161
-0.000 -0.000 -0.155
0.000 0.000 -0.148
0.000 0.000 -0.140
0.000 0.000 -0.130
0.000 0.000 -0.119
0.000 0.000 -0.108
0.000 0.000 -0.095
0.000 0.000 -0.082
0.000 0.000 -0.068
0.000 0.000 -0.054
0.000 0.000 -0.039
0.000 0.000 -0.025
0.000 0.000 -0.010
0.000 0.000 0.005
0.000 0.000 0.020
0.000 0.000 0.035
0.000 0.000 0.050
0.000 0.000 0.064
0.000 0.000 0.078
0.000 0.000 0.092
0.000 0.000 0.105
0.000 0.000 0.118
0.000 0.000 0.130
0.000 0.000 0.141
0.000 0.000 0.151
0.000 0.000 0.161
0.000 0.000 0.170
0.000 0.000 0.178
0.000 0.000 0.186
0.000 0.000 0.192
0.000 0.000 0.198
0.000 0.000 0.202
0.000 0.000 0.205
0.000 0.000 0.208
-0.000 -0.000 0.209
-0.000 -0.000 0.210
-0.000 -0.000 0.209
-0.000 -0.000 0.208
-0.000 -0.000 0.205
-0.000 -0.000 0.202
-0.000 -0.000 0.198
-0.000 -0.000 0.192
-0.000 -0.000 0.186
-0.000 -0.000 0.178
-0.000 -0.000 0.170
-0.000 -0.000 0.161
-0.000 -0.000 0.151
-0.000 -0.000 0.141
-0.000 -0.000 0.130
-0.000 -0.000 0.118
-0.000 -0.000 0.105
-0.000 -0.000 0.092
-0.000 -0.000 0.078
-0.000 -0.000 0.064
-0.000 -0.000 0.050
-0.000 -0.000 0.035
-0.000 -0.000 0.020
-0.000 -0.000 0.005
-0.000 -0.000 -0.010
-0.000 -0.000 -0.025
-0.000 -0.000 -0.039
-0.000 -0.000 -0.054
-0.000 -0.000 -0.068
-0.000 -0.000 -0.082
-0.000 -0.000 -0.095
-0.000 -0.000 -0.108
-0.000 -0.000 -0.119
-0.000 -0.000 -0.130
-0.000 -0.000 -0.140
-0.000 -0.000 -0.148
-0.000 -0.000 -0.155
-0.000 -0.000 -0.161
-0.000 -0.000 -0.165
0.000 0.000 -0.167
0.000 0.000 -0.168
0.000 0.000 -0.166
0.000 0.000 -0.162
0.000 0.000 -0.156
0.000 0.000 -0.148
0.000 0.000 -0.136
0.000 0.000 -0.122
0.000 0.000 -0.104
0.000 0.000 -0.084
0.000 0.000 -0.059
0.000 0.000 -0.032
0.000 0.000 0.000
