-1.500 1.500 0.185 -0.000 0.000 0.000 0.000 -0.000 0.002 0.000 0.000
-1.500 1.500 0.185 -0.000 0.000 0.000 0.000 -0.000 0.006 0.000 0.000
-1.500 1.500 0.185 -0.000 0.000 0.001 0.000 -0.000 0.013 0.000 0.000
-1.500 1.500 0.185 -0.000 0.000 0.002 0.000 -0.000 0.023 0.000 0.000
-1.500 1.500 0.185 -0.000 0.000 0.003 0.000 -0.000 0.034 0.000 0.000
-1.500 1.500 0.185 -0.000 0.000 0.005 0.000 -0.000 0.047 0.000 0.000
-1.500 1.500 0.186 -0.000 0.000 0.008 0.000 -0.000 0.061 0.000 0.000
-1.500 1.500 0.186 -0.000 0.000 0.011 0.000 -0.000 0.076 0.000 0.000
-1.500 1.500 0.187 -0.000 0.000 0.015 0.000 -0.000 0.092 0.000 0.000
-1.500 1.500 0.188 -0.000 0.000 0.020 0.000 -0.000 0.109 0.000 0.000
-1.500 1.500 0.189 -0.000 0.000 0.026 0.000 -0.000 0.126 0.000 0.000
-1.500 1.500 0.190 -0.000 0.000 0.033 0.000 -0.000 0.142 0.000 0.000
-1.500 1.500 0.192 0.000 -0.000 0.041 0.000 -0.000 0.159 0.000 0.000
-1.500 1.500 0.194 0.000 -0.000 0.049 0.000 -0.000 0.175 0.000 0.000
-1.500 1.500 0.197 0.000 -0.000 0.058 0.000 -0.000 0.191 0.000 0.000
-1.500 1.500 0.200 0.000 -0.000 0.068 0.000 -0.000 0.206 0.000 0.000
-1.500 1.500 0.204 0.000 -0.000 0.079 0.000 -0.000 0.221 0.000 0.000
-1.500 1.500 0.208 0.000 -0.000 0.090 0.000 -0.000 0.234 0.000 0.000
-1.500 1.500 0.213 0.000 -0.000 0.102 0.000 -0.000 0.247 0.000 0.000
-1.500 1.500 0.218 0.000 -0.000 0.115 0.000 -0.000 0.258 0.000 0.000
-1.500 1.500 0.224 0.000 -0.000 0.128 0.000 -0.000 0.268 0.000 0.000
-1.500 1.500 0.231 0.000 -0.000 0.141 0.000 -0.000 0.277 0.000 0.000
-1.500 1.500 0.239 0.000 -0.000 0.156 0.000 -0.000 0.285 0.000 0.000
-1.500 1.500 0.247 0.000 -0.000 0.170 0.000 -0.000 0.291 0.000 0.000
-1.500 1.500 0.256 0.000 -0.000 0.185 0.000 -0.000 0.295 0.000 0.000
-1.500 1.500 0.265 0.000 -0.000 0.199 0.000 -0.000 0.299 0.000 0.000
-1.500 1.500 0.276 0.000 -0.000 0.214 0.000 -0.000 0.300 0.000 0.000
-1.500 1.500 0.287 0.000 -0.000 0.229 0.000 -0.000 0.300 0.000 0.000
-1.500 1.500 0.298 0.000 -0.000 0.244 0.000 -0.000 0.299 0.000 0.000
-1.500 1.500 0.311 0.000 -0.000 0.259 0.000 -0.000 0.296 0.000 0.000
-1.500 1.500 0.324 0.000 -0.000 0.274 0.000 -0.000 0.292 0.000 0.000
-1.500 1.500 0.338 0.000 -0.000 0.288 0.000 -0.000 0.286 0.000 0.000
-1.500 1.500 0.353 0.000 -0.000 0.303 0.000 -0.000 0.279 0.000 0.000
-1.500 1.500 0.369 0.000 -0.000 0.316 0.000 -0.000 0.271 0.000 0.000
-1.500 1.500 0.385 0.000 -0.000 0.330 -0.000 0.000 0.261 0.000 0.000
-1.500 1.500 0.402 0.000 -0.000 0.342 -0.000 0.000 0.250 0.000 0.000
-1.500 1.500 0.419 0.000 -0.000 0.355 -0.000 0.000 0.237 0.000 0.000
-1.500 1.500 0.437 0.000 -0.000 0.366 -0.000 0.000 0.224 0.000 0.000
-1.500 1.500 0.456 0.000 -0.000 0.377 -0.000 0.000 0.209 0.000 0.000
-1.500 1.500 0.475 0.000 -0.000 0.387 -0.000 0.000 0.194 0.000 0.000
-1.500 1.500 0.494 0.000 -0.000 0.396 -0.000 0.000 0.177 0.000 0.000
-1.500 1.500 0.514 0.000 -0.000 0.405 -0.000 0.000 0.160 0.000 0.000
-1.500 1.500 0.535 0.000 -0.000 0.412 -0.000 0.000 0.141 0.000 0.000
-1.500 1.500 0.556 0.000 -0.000 0.419 -0.000 0.000 0.122 0.000 0.000
-1.500 1.500 0.577 0.000 -0.000 0.425 -0.000 0.000 0.103 0.000 0.000
-1.500 1.500 0.598 0.000 -0.000 0.429 -0.000 0.000 0.083 0.000 0.000
-1.500 1.500 0.620 0.000 -0.000 0.433 -0.000 0.000 0.063 0.000 0.000
-1.500 1.500 0.641 0.000 -0.000 0.435 -0.000 0.000 0.042 0.000 0.000
-1.500 1.500 0.663 0.000 -0.000 0.437 -0.000 0.000 0.021 0.000 0.000
-1.500 1.500 0.685 0.000 -0.000 0.438 -0.000 0.000 0.000 0.000 0.000
-1.500 1.500 0.707 0.000 -0.000 0.437 0.000 -0.000 -0.021 0.000 0.000
-1.500 1.500 0.729 0.000 -0.000 0.435 0.000 -0.000 -0.042 0.000 0.000
-1.500 1.500 0.750 0.000 -0.000 0.433 0.000 -0.000 -0.063 0.000 0.000
-1.500 1.500 0.772 0.000 -0.000 0.429 0.000 -0.000 -0.083 0.000 0.000
-1.500 1.500 0.793 0.000 -0.000 0.425 0.000 -0.000 -0.103 0.000 0.000
-1.500 1.500 0.814 0.000 -0.000 0.419 0.000 -0.000 -0.122 0.000 0.000
-1.500 1.500 0.835 0.000 -0.000 0.412 0.000 -0.000 -0.141 0.000 0.000
-1.500 1.500 0.856 0.000 -0.000 0.405 0.000 -0.000 -0.160 0.000 0.000
-1.500 1.500 0.876 0.000 -0.000 0.396 -0.000 0.000 -0.177 0.000 0.000
-1.500 1.500 0.895 0.000 -0.000 0.387 -0.000 0.000 -0.194 0.000 0.000
-1.500 1.500 0.914 0.000 -0.000 0.377 -0.000 0.000 -0.209 0.000 0.000
-1.500 1.500 0.933 0.000 -0.000 0.366 -0.000 0.000 -0.224 0.000 0.000
-1.500 1.500 0.951 0.000 -0.000 0.355 -0.000 0.000 -0.237 0.000 0.000
-1.500 1.500 0.968 0.000 -0.000 0.342 -0.000 0.000 -0.250 0.000 0.000
-1.500 1.500 0.985 0.000 -0.000 0.330 -0.000 0.000 -0.261 0.000 0.000
-1.500 1.500 1.001 0.000 -0.000 0.316 -0.000 0.000 -0.271 0.000 0.000
-1.500 1.500 1.017 0.000 -0.000 0.303 -0.000 0.000 -0.279 0.000 0.000
-1.500 1.500 1.032 0.000 -0.000 0.288 -0.000 0.000 -0.286 0.000 0.000
-1.500 1.500 1.046 0.000 -0.000 0.274 -0.000 0.000 -0.292 0.000 0.000
-1.500 1.500 1.059 0.000 -0.000 0.259 -0.000 0.000 -0.296 0.000 0.000
-1.500 1.500 1.072 0.000 -0.000 0.244 -0.000 0.000 -0.299 0.000 0.000
-1.500 1.500 1.083 0.000 -0.000 0.229 -0.000 0.000 -0.300 0.000 0.000
-1.500 1.500 1.094 0.000 -0.000 0.214 -0.000 0.000 -0.300 0.000 0.000
-1.500 1.500 1.105 0.000 -0.000 0.199 -0.000 0.000 -0.299 0.000 0.000
-1.500 1.500 1.114 0.000 -0.000 0.185 -0.000 0.000 -0.295 0.000 0.000
-1.500 1.500 1.123 0.000 -0.000 0.170 -0.000 0.000 -0.291 0.000 0.000
-1.500 1.500 1.131 0.000 -0.000 0.156 -0.000 0.000 -0.285 0.000 0.000
-1.500 1.500 1.139 0.000 -0.000 0.141 -0.000 0.000 -0.277 0.000 0.000
-1.500 1.500 1.146 0.000 -0.000 0.128 -0.000 0.000 -0.268 0.000 0.000
-1.500 1.500 1.152 0.000 -0.000 0.115 -0.000 0.000 -0.258 0.000 0.000
-1.500 1.500 1.157 0.000 -0.000 0.102 -0.000 0.000 -0.247 0.000 0.000
-1.500 1.500 1.162 -0.000 0.000 0.090 -0.000 0.000 -0.234 0.000 0.000
-1.500 1.500 1.166 -0.000 0.000 0.079 -0.000 0.000 -0.221 0.000 0.000
-1.500 1.500 1.170 -0.000 0.000 0.068 -0.000 0.000 -0.206 0.000 0.000
-1.500 1.500 1.173 -0.000 0.000 0.058 -0.000 0.000 -0.191 0.000 0.000
-1.500 1.500 1.176 -0.000 0.000 0.049 -0.000 0.000 -0.175 0.000 0.000
-1.500 1.500 1.178 -0.000 0.000 0.041 -0.000 0.000 -0.159 0.000 0.000
-1.500 1.500 1.180 -0.000 0.000 0.033 -0.000 0.000 -0.142 0.000 0.000
-1.500 1.500 1.181 -0.000 0.000 0.026 -0.000 0.000 -0.126 0.000 0.000
-1.500 1.500 1.182 -0.000 0.000 0.020 -0.000 0.000 -0.109 0.000 0.000
-1.500 1.500 1.183 -0.000 0.000 0.015 -0.000 0.000 -0.092 0.000 0.000
-1.500 1.500 1.184 -0.000 0.000 0.011 -0.000 0.000 -0.076 0.000 0.000
-1.500 1.500 1.184 -0.000 0.000 0.008 -0.000 0.000 -0.061 0.000 0.000
-1.500 1.500 1.185 -0.000 0.000 0.005 -0.000 0.000 -0.047 0.000 0.000
-1.500 1.500 1.185 -0.000 0.000 0.003 -0.000 0.000 -0.034 0.000 0.000
-1.500 1.500 1.185 -0.000 0.000 0.002 -0.000 0.000 -0.023 0.000 0.000
-1.500 1.500 1.185 -0.000 0.000 0.001 -0.000 0.000 -0.013 0.000 0.000
-1.500 1.500 1.185 -0.000 0.000 0.000 -0.000 0.000 -0.006 0.000 0.000
-1.500 1.500 1.185 -0.000 0.000 0.000 -0.000 0.000 -0.002 0.000 0.000
-1.500 1.500 1.185 -0.000 0.000 -0.000 0.000 -0.000 -0.000 0.000 0.000
-1.500 1.500 1.185 0.000 0.000 0.000 0.000 0.000 0.000 0.000 0.000
-1.500 1.500 1.185 0.000 0.000 0.000 0.000 0.000 0.000 0.000 0.000
-1.500 1.500 1.185 0.000 0.000 0.000 0.000 0.000 0.000 0.000 0.000
-1.500 1.500 1.185 0.000 0.000 0.000 0.000 0.000 0.000 0.000 0.000
-1.500 1.500 1.185 0.000 0.000 0.000 0.000 0.000 0.000 0.000 0.000
-1.500 1.500 1.185 0.000 0.000 0.000 0.000 0.000 0.000 0.000 0.000
-1.500 1.500 1.185 0.000 0.000 0.000 0.000 0.000 0.000 0.000 0.000
-1.500 1.500 1.185 0.000 0.000 0.000 0.000 0.000 0.000 0.000 0.000
-1.500 1.500 1.185 0.000 0.000 0.000 0.000 0.000 0.000 0.000 0.000
-1.500 1.500 1.185 0.000 0.000 0.000 0.000 0.000 0.000 0.000 0.000
-1.500 1.500 1.185 0.000 0.000 0.000 0.000 0.000 0.000 0.000 0.000
-1.500 1.500 1.185 0.000 0.000 0.000 0.000 0.000 0.000 0.000 0.000
-1.500 1.500 1.185 0.000 0.000 0.000 0.000 0.000 0.000 0.000 0.000
-1.500 1.500 1.185 0.000 0.000 0.000 0.000 0.000 0.000 0.000 0.000
-1.500 1.500 1.185 0.000 0.000 0.000 0.000 0.000 0.000 0.000 0.000
-1.500 1.500 1.185 0.000 0.000 0.000 0.000 0.000 0.000 0.000 0.000
-1.500 1.500 1.185 0.000 0.000 0.000 0.000 0.000 0.000 0.000 0.000
-1.500 1.500 1.185 0.000 0.000 0.000 0.000 0.000 0.000 0.000 0.000
-1.500 1.500 1.185 0.000 0.000 0.000 0.000 0.000 0.000 0.000 0.000
-1.500 1.500 1.185 0.000 0.000 0.000 0.000 0.000 0.000 0.000 0.000
-1.500 1.500 1.185 0.000 0.000 0.000 0.000 0.000 0.000 0.000 0.000
-1.500 1.500 1.185 0.000 0.000 0.000 0.000 0.000 0.000 0.000 0.000
-1.500 1.500 1.185 0.000 0.000 0.000 0.000 0.000 0.000 0.000 0.000
-1.500 1.500 1.185 0.000 0.000 0.000 0.000 0.000 0.000 0.000 0.000
-1.500 1.500 1.185 0.000 0.000 0.000 0.000 0.000 0.000 0.000 0.000
-1.500 1.500 1.185 0.000 0.000 0.000 0.000 0.000 0.000 0.000 0.000
-1.500 1.500 1.185 0.000 0.000 0.000 0.000 0.000 0.000 0.000 0.000
-1.500 1.500 1.185 0.000 0.000 0.000 0.000 0.000 0.000 0.000 0.000
-1.500 1.500 1.185 0.000 0.000 0.000 0.000 0.000 0.000 0.000 0.000
-1.500 1.500 1.185 0.000 0.000 0.000 0.000 0.000 0.000 0.000 0.000
-1.500 1.500 1.185 0.000 0.000 0.000 0.000 0.000 0.000 0.000 0.000
-1.500 1.500 1.185 0.000 0.000 0.000 0.000 0.000 0.000 0.000 0.000
-1.500 1.500 1.185 0.000 0.000 0.000 0.000 0.000 0.000 0.000 0.000
-1.500 1.500 1.185 0.000 0.000 0.000 0.000 0.000 0.000 0.000 0.000
-1.500 1.500 1.185 0.000 0.000 0.000 0.000 0.000 0.000 0.000 0.000
-1.500 1.500 1.185 0.000 0.000 0.000 0.000 0.000 0.000 0.000 0.000
-1.500 1.500 1.185 0.000 0.000 0.000 0.000 0.000 0.000 0.000 0.000
-1.500 1.500 1.185 0.000 0.000 0.000 0.000 0.000 0.000 0.000 0.000
-1.500 1.500 1.185 0.000 0.000 0.000 0.000 0.000 0.000 0.000 0.000
-1.500 1.500 1.185 0.000 0.000 0.000 0.000 0.000 0.000 0.000 0.000
-1.500 1.500 1.185 0.000 0.000 0.000 0.000 0.000 0.000 0.000 0.000
-1.500 1.500 1.185 0.000 0.000 0.000 0.000 0.000 0.000 0.000 0.000
-1.500 1.500 1.185 0.000 0.000 0.000 0.000 0.000 0.000 0.000 0.000
-1.500 1.500 1.185 0.000 0.000 0.000 0.000 0.000 0.000 0.000 0.000
-1.500 1.500 1.185 0.000 0.000 0.000 0.000 0.000 0.000 0.000 0.000
-1.500 1.500 1.185 0.000 0.000 0.000 0.000 0.000 0.000 0.000 0.000
-1.500 1.500 1.185 0.000 0.000 0.000 0.000 0.000 0.000 0.000 0.000
-1.500 1.500 1.185 0.000 0.000 0.000 0.000 0.000 0.000 0.000 0.000
-1.500 1.500 1.185 0.000 0.000 0.000 0.000 0.000 0.000 0.000 0.000
-1.500 1.500 1.185 0.000 0.000 0.000 0.000 0.000 0.000 0.000 0.000
-1.500 1.500 1.185 0.000 0.000 0.000 0.000 0.000 0.000 0.000 0.000
-1.500 1.500 1.185 0.000 0.000 0.000 0.000 0.000 0.000 0.000 0.000
-1.500 1.500 1.185 0.000 0.000 0.000 0.000 0.000 0.000 0.000 0.000
-1.500 1.500 1.185 0.000 0.000 0.000 0.000 0.000 0.000 0.000 0.000
-1.500 1.500 1.185 0.000 0.000 0.000 0.000 0.000 0.000 0.000 0.000
-1.500 1.500 1.185 0.000 0.000 0.000 0.000 0.000 0.000 0.000 0.000
-1.500 1.500 1.185 0.000 0.000 0.000 0.000 0.000 0.000 0.000 0.000
-1.500 1.500 1.185 0.000 0.000 0.000 0.000 0.000 0.000 0.000 0.000
-1.500 1.500 1.185 0.000 0.000 0.000 0.000 0.000 0.000 0.000 0.000
-1.500 1.500 1.185 0.000 0.000 0.000 0.000 0.000 0.000 0.000 0.000
-1.500 1.500 1.185 0.000 0.000 0.000 0.000 0.000 0.000 0.000 0.000
-1.500 1.500 1.185 0.000 0.000 0.000 0.000 0.000 0.000 0.000 0.000
-1.500 1.500 1.185 0.000 0.000 0.000 0.000 0.000 0.000 0.000 0.000
-1.500 1.500 1.185 0.000 0.000 0.000 0.000 0.000 0.000 0.000 0.000
-1.500 1.500 1.185 0.000 0.000 0.000 0.000 0.000 0.000 0.000 0.000
-1.500 1.500 1.185 0.000 0.000 0.000 0.000 0.000 0.000 0.000 0.000
-1.500 1.500 1.185 0.000 0.000 0.000 0.000 0.000 0.000 0.000 0.000
-1.500 1.500 1.185 0.000 0.000 0.000 0.000 0.000 0.000 0.000 0.000
-1.500 1.500 1.185 0.000 0.000 0.000 0.000 0.000 0.000 0.000 0.000
-1.500 1.500 1.185 0.000 0.000 0.000 0.000 0.000 0.000 0.000 0.000
-1.500 1.500 1.185 0.000 0.000 0.000 0.000 0.000 0.000 0.000 0.000
-1.500 1.500 1.185 0.000 0.000 0.000 0.000 0.000 0.000 0.000 0.000
-1.500 1.500 1.185 0.000 0.000 0.000 0.000 0.000 0.000 0.000 0.000
-1.500 1.500 1.185 0.000 0.000 0.000 0.000 0.000 0.000 0.000 0.000
-1.500 1.500 1.185 0.000 0.000 0.000 0.000 0.000 0.000 0.000 0.000
-1.500 1.500 1.185 0.000 0.000 0.000 0.000 0.000 0.000 0.000 0.000
-1.500 1.500 1.185 0.000 0.000 0.000 0.000 0.000 0.000 0.000 0.000
-1.500 1.500 1.185 0.000 0.000 0.000 0.000 0.000 0.000 0.000 0.000
-1.500 1.500 1.185 0.000 0.000 0.000 0.000 0.000 0.000 0.000 0.000
-1.500 1.500 1.185 0.000 0.000 0.000 0.000 0.000 0.000 0.000 0.000
-1.500 1.500 1.185 0.000 0.000 0.000 0.000 0.000 0.000 0.000 0.000
-1.500 1.500 1.185 0.000 0.000 0.000 0.000 0.000 0.000 0.000 0.000
-1.500 1.500 1.185 0.000 0.000 0.000 0.000 0.000 0.000 0.000 0.000
-1.500 1.500 1.185 0.000 0.000 0.000 0.000 0.000 0.000 0.000 0.000
-1.500 1.500 1.185 0.000 0.000 0.000 0.000 0.000 0.000 0.000 0.000
-1.500 1.500 1.185 0.000 0.000 0.000 0.000 0.000 0.000 0.000 0.000
-1.500 1.500 1.185 0.000 0.000 0.000 0.000 0.000 0.000 0.000 0.000
-1.500 1.500 1.185 0.000 0.000 0.000 0.000 0.000 0.000 0.000 0.000
-1.500 1.500 1.185 0.000 0.000 0.000 0.000 0.000 0.000 0.000 0.000
-1.500 1.500 1.185 0.000 0.000 0.000 0.000 0.000 0.000 0.000 0.000
-1.500 1.500 1.185 0.000 0.000 0.000 0.000 0.000 0.000 0.000 0.000
-1.500 1.500 1.185 0.000 0.000 0.000 0.000 0.000 0.000 0.000 0.000
-1.500 1.500 1.185 0.000 0.000 0.000 0.000 0.000 0.000 0.000 0.000
-1.500 1.500 1.185 0.000 0.000 0.000 0.000 0.000 0.000 0.000 0.000
-1.500 1.500 1.185 0.000 0.000 0.000 0.000 0.000 0.000 0.000 0.000
-1.500 1.500 1.185 0.000 0.000 0.000 0.000 0.000 0.000 0.000 0.000
-1.500 1.500 1.185 0.000 0.000 0.000 0.000 0.000 0.000 0.000 0.000
-1.500 1.500 1.185 0.000 0.000 0.000 0.000 0.000 0.000 0.000 0.000
-1.500 1.500 1.185 0.000 0.000 0.000 0.000 0.000 0.000 0.000 0.000
-1.500 1.500 1.185 0.000 0.000 0.000 0.000 0.000 0.000 0.000 0.000
-1.500 1.500 1.185 0.000 0.000 0.000 0.000 0.000 0.000 0.000 0.000
-1.500 1.500 1.185 0.000 0.000 0.000 0.000 0.000 0.000 0.000 0.000
-1.500 1.500 1.185 0.000 0.000 0.000 0.000 0.000 0.000 0.000 0.000
-1.500 1.500 1.185 0.000 0.000 0.000 0.000 0.000 0.000 0.000 0.000
-1.500 1.500 1.185 0.000 0.000 0.000 0.000 0.000 0.000 0.000 0.000
-1.500 1.500 1.185 0.000 0.000 0.000 0.000 0.000 0.000 0.000 0.000
-1.500 1.500 1.185 0.000 0.000 0.000 0.000 0.000 0.000 0.000 0.000
-1.500 1.500 1.185 0.000 0.000 0.000 0.000 0.000 0.000 0.000 0.000
-1.500 1.500 1.185 0.000 0.000 0.000 0.000 0.000 0.000 0.000 0.000
-1.500 1.500 1.185 0.000 0.000 0.000 0.000 0.000 0.000 0.000 0.000
-1.500 1.500 1.185 0.000 0.000 0.000 0.000 0.000 0.000 0.000 0.000
-1.500 1.500 1.185 0.000 0.000 0.000 0.000 0.000 0.000 0.000 0.000
-1.500 1.500 1.185 0.000 0.000 0.000 0.000 0.000 0.000 0.000 0.000
-1.500 1.500 1.185 0.000 0.000 0.000 0.000 0.000 0.000 0.000 0.000
-1.500 1.500 1.185 0.000 0.000 0.000 0.000 0.000 0.000 0.000 0.000
-1.500 1.500 1.185 0.000 0.000 0.000 0.000 0.000 0.000 0.000 0.000
-1.500 1.500 1.185 0.000 0.000 0.000 0.000 0.000 0.000 0.000 0.000
-1.500 1.500 1.185 0.000 0.000 0.000 0.000 0.000 0.000 0.000 0.000
-1.500 1.500 1.185 0.000 0.000 0.000 0.000 0.000 0.000 0.000 0.000
-1.500 1.500 1.185 0.000 0.000 0.000 0.000 0.000 0.000 0.000 0.000
-1.500 1.500 1.185 0.000 0.000 0.000 0.000 0.000 0.000 0.000 0.000
-1.500 1.500 1.185 0.000 0.000 0.000 0.000 0.000 0.000 0.000 0.000
-1.500 1.500 1.185 0.000 0.000 0.000 0.000 0.000 0.000 0.000 0.000
-1.500 1.500 1.185 0.000 0.000 0.000 0.000 0.000 0.000 0.000 0.000
-1.500 1.500 1.185 0.000 0.000 0.000 0.000 0.000 0.000 0.000 0.000
-1.500 1.500 1.185 0.000 0.000 0.000 0.000 0.000 0.000 0.000 0.000
-1.500 1.500 1.185 0.000 0.000 0.000 0.000 0.000 0.000 0.000 0.000
-1.500 1.500 1.185 0.000 0.000 0.000 0.000 0.000 0.000 0.000 0.000
-1.500 1.500 1.185 0.000 0.000 0.000 0.000 0.000 0.000 0.000 0.000
-1.500 1.500 1.185 0.000 0.000 0.000 0.000 0.000 0.000 0.000 0.000
-1.500 1.500 1.185 0.000 0.000 0.000 0.000 0.000 0.000 0.000 0.000
-1.500 1.500 1.185 0.000 0.000 0.000 0.000 0.000 0.000 0.000 0.000
-1.500 1.500 1.185 0.000 0.000 0.000 0.000 0.000 0.000 0.000 0.000
-1.500 1.500 1.185 0.000 0.000 0.000 0.000 0.000 0.000 0.000 0.000
-1.500 1.500 1.185 0.000 0.000 0.000 0.000 0.000 0.000 0.000 0.000
-1.500 1.500 1.185 0.000 0.000 0.000 0.000 0.000 0.000 0.000 0.000
-1.500 1.500 1.185 0.000 0.000 0.000 0.000 0.000 0.000 0.000 0.000
-1.500 1.500 1.185 0.000 0.000 0.000 0.000 0.000 0.000 0.000 0.000
-1.500 1.500 1.185 0.000 0.000 0.000 0.000 0.000 0.000 0.000 0.000
-1.500 1.500 1.185 0.000 0.000 0.000 0.000 0.000 0.000 0.000 0.000
-1.500 1.500 1.185 0.000 0.000 0.000 0.000 0.000 0.000 0.000 0.000
-1.500 1.500 1.185 0.000 0.000 0.000 0.000 0.000 0.000 0.000 0.000
-1.500 1.500 1.185 0.000 0.000 0.000 0.000 0.000 0.000 0.000 0.000
-1.500 1.500 1.185 0.000 0.000 0.000 0.000 0.000 0.000 0.000 0.000
-1.500 1.500 1.185 0.000 0.000 0.000 0.000 0.000 0.000 0.000 0.000
-1.500 1.500 1.185 0.000 0.000 0.000 0.000 0.000 0.000 0.000 0.000
-1.500 1.500 1.185 0.000 0.000 0.000 0.000 0.000 0.000 0.000 0.000
-1.500 1.500 1.185 0.000 0.000 0.000 0.000 0.000 0.000 0.000 0.000
-1.500 1.500 1.185 0.000 0.000 0.000 0.000 0.000 0.000 0.000 0.000
-1.500 1.500 1.185 0.000 0.000 0.000 0.000 0.000 0.000 0.000 0.000
-1.500 1.500 1.185 0.000 0.000 0.000 0.000 0.000 0.000 0.000 0.000
-1.500 1.500 1.185 0.000 0.000 0.000 0.000 0.000 0.000 0.000 0.000
-1.500 1.500 1.185 0.000 0.000 0.000 0.000 0.000 0.000 0.000 0.000
-1.500 1.500 1.185 0.000 0.000 0.000 0.000 0.000 0.000 0.000 0.000
-1.500 1.500 1.185 0.000 0.000 0.000 0.000 0.000 0.000 0.000 0.000
-1.500 1.500 1.185 0.000 0.000 0.000 0.000 0.000 0.000 0.000 0.000
-1.500 1.500 1.185 0.000 0.000 0.000 0.000 0.000 0.000 0.000 0.000
-1.500 1.500 1.185 0.000 0.000 0.000 0.000 0.000 0.000 0.000 0.000
-1.500 1.500 1.185 0.000 0.000 0.000 0.000 0.000 0.000 0.000 0.000
-1.500 1.500 1.185 0.000 0.000 0.000 0.000 0.000 0.000 0.000 0.000
-1.500 1.500 1.185 0.000 0.000 0.000 0.000 0.000 0.000 0.000 0.000
-1.500 1.500 1.185 0.000 0.000 0.000 0.000 0.000 0.000 0.000 0.000
-1.500 1.500 1.185 0.000 0.000 0.000 0.000 0.000 0.000 0.000 0.000
-1.500 1.500 1.185 0.000 0.000 0.000 0.000 0.000 0.000 0.000 0.000
-1.500 1.500 1.185 0.000 0.000 0.000 0.000 0.000 0.000 0.000 0.000
-1.500 1.500 1.185 0.000 0.000 0.000 0.000 0.000 0.000 0.000 0.000
-1.500 1.500 1.185 0.000 0.000 0.000 0.000 0.000 0.000 0.000 0.000
-1.500 1.500 1.185 0.000 0.000 0.000 0.000 0.000 0.000 0.000 0.000
-1.500 1.500 1.185 0.000 0.000 0.000 0.000 0.000 0.000 0.000 0.000
-1.500 1.500 1.185 0.000 0.000 0.000 0.000 0.000 0.000 0.000 0.000
-1.500 1.500 1.185 0.000 0.000 0.000 0.000 0.000 0.000 0.000 0.000
-1.500 1.500 1.185 0.000 0.000 0.000 0.000 0.000 0.000 0.000 0.000
-1.500 1.500 1.185 0.000 0.000 0.000 0.000 0.000 0.000 0.000 0.000
-1.500 1.500 1.185 0.000 0.000 0.000 0.000 0.000 0.000 0.000 0.000
-1.500 1.500 1.185 0.000 0.000 0.000 0.000 0.000 0.000 0.000 0.000
-1.500 1.500 1.185 0.000 0.000 0.000 0.000 0.000 0.000 0.000 0.000
-1.500 1.500 1.185 0.000 0.000 0.000 0.000 0.000 0.000 0.000 0.000
-1.500 1.500 1.185 0.000 0.000 0.000 0.000 0.000 0.000 0.000 0.000
-1.500 1.500 1.185 0.000 0.000 0.000 0.000 0.000 0.000 0.000 0.000
-1.500 1.500 1.185 0.000 0.000 0.000 0.000 0.000 0.000 0.000 0.000
-1.500 1.500 1.185 0.000 0.000 0.000 0.000 0.000 0.000 0.000 0.000
-1.500 1.500 1.185 0.000 0.000 0.000 0.000 0.000 0.000 0.000 0.000
-1.500 1.500 1.185 0.000 0.000 0.000 0.000 0.000 0.000 0.000 0.000
-1.500 1.500 1.185 0.000 0.000 0.000 0.000 0.000 0.000 0.000 0.000
-1.500 1.500 1.185 0.000 0.000 0.000 0.000 0.000 0.000 0.000 0.000
-1.500 1.500 1.185 0.000 0.000 0.000 0.000 0.000 0.000 0.000 0.000
-1.500 1.500 1.185 0.000 0.000 0.000 0.000 0.000 0.000 0.000 0.000
-1.500 1.500 1.185 0.000 0.000 0.000 0.000 0.000 0.000 0.000 0.000
-1.500 1.500 1.185 0.000 0.000 0.000 0.000 0.000 0.000 0.000 0.000
-1.500 1.500 1.185 0.000 0.000 0.000 0.000 0.000 0.000 0.000 0.000
-1.500 1.500 1.185 0.000 0.000 0.000 0.000 0.000 0.000 0.000 0.000
-1.500 1.500 1.185 0.000 0.000 0.000 0.000 0.000 0.000 0.000 0.000
-1.500 1.500 1.185 0.000 0.000 0.000 0.000 0.000 0.000 0.000 0.000
-1.500 1.500 1.185 0.000 0.000 0.000 0.000 0.000 0.000 0.000 0.000
-1.500 1.500 1.185 0.000 0.000 0.000 0.000 0.000 0.000 0.000 0.000
-1.500 1.500 1.185 0.000 0.000 0.000 0.000 0.000 0.000 0.000 0.000
-1.500 1.500 1.185 0.000 0.000 0.000 0.000 0.000 0.000 0.000 0.000
-1.500 1.500 1.185 0.000 0.000 0.000 0.000 0.000 0.000 0.000 0.000
-1.500 1.500 1.185 0.000 0.000 0.000 0.000 0.000 0.000 0.000 0.000
-1.500 1.500 1.185 0.000 0.000 0.000 0.000 0.000 0.000 0.000 0.000
-1.500 1.500 1.185 0.000 -0.001 0.000 0.025 -0.038 0.000 0.000 0.000
-1.500 1.500 1.185 0.003 -0.005 0.000 0.091 -0.135 0.000 0.000 0.000
-1.500 1.499 1.185 0.010 -0.015 0.000 0.186 -0.270 0.000 0.000 0.000
-1.499 1.498 1.185 0.022 -0.032 0.000 0.299 -0.424 0.000 0.000 0.000
-1.497 1.496 1.185 0.040 -0.057 0.000 0.423 -0.582 0.000 0.000 0.000
-1.495 1.492 1.185 0.064 -0.090 0.000 0.548 -0.731 0.000 0.000 0.000
-1.491 1.487 1.185 0.095 -0.130 0.000 0.669 -0.862 0.000 0.000 0.000
-1.485 1.479 1.185 0.131 -0.176 0.000 0.780 -0.967 0.000 0.000 0.000
-1.478 1.469 1.185 0.173 -0.226 0.000 0.877 -1.043 0.000 0.000 0.000
-1.468 1.457 1.185 0.218 -0.280 0.000 0.957 -1.087 0.000 0.000 0.000
-1.456 1.441 1.185 0.268 -0.334 0.000 1.018 -1.097 0.000 0.000 0.000
-1.441 1.423 1.185 0.320 -0.389 0.000 1.058 -1.074 0.000 0.000 0.000
-1.424 1.402 1.185 0.373 -0.441 0.000 1.076 -1.021 -0.000 0.000 0.000
-1.404 1.379 1.185 0.427 -0.490 0.000 1.072 -0.942 -0.000 0.000 0.000
-1.381 1.353 1.185 0.480 -0.535 0.000 1.048 -0.840 -0.000 0.000 0.000
-1.356 1.326 1.185 0.532 -0.574 0.000 1.004 -0.722 -0.000 0.000 0.000
-1.328 1.296 1.185 0.580 -0.607 0.000 0.943 -0.591 -0.000 0.000 0.000
-1.298 1.265 1.185 0.626 -0.633 0.000 0.865 -0.456 -0.000 0.000 0.000
-1.265 1.233 1.185 0.667 -0.653 -0.000 0.775 -0.322 -0.000 0.000 0.000
-1.231 1.200 1.185 0.703 -0.666 -0.000 0.673 -0.195 -0.000 0.000 0.000
-1.195 1.166 1.185 0.734 -0.672 -0.000 0.564 -0.080 -0.000 0.000 0.000
-1.158 1.133 1.185 0.759 -0.674 -0.000 0.450 0.016 -0.000 0.000 0.000
-1.119 1.099 1.185 0.779 -0.671 -0.000 0.335 0.091 -0.000 0.000 0.000
-1.080 1.066 1.185 0.793 -0.665 -0.000 0.220 0.139 -0.000 0.000 0.000
-1.040 1.033 1.185 0.801 -0.658 -0.000 0.110 0.160 -0.000 0.000 0.000
-1.000 1.000 1.185 0.804 -0.650 -0.000 0.005 0.152 -0.000 0.000 0.000
-0.960 0.968 1.185 0.802 -0.643 -0.000 -0.090 0.117 -0.000 0.000 0.000
-0.920 0.936 1.185 0.795 -0.638 -0.000 -0.175 0.057 -0.000 0.000 0.000
-0.880 0.904 1.185 0.784 -0.638 -0.000 -0.247 -0.024 -0.000 0.000 0.000
-0.842 0.872 1.185 0.771 -0.641 -0.000 -0.305 -0.120 -0.000 0.000 0.000
-0.803 0.840 1.185 0.754 -0.650 -0.000 -0.349 -0.224 -0.000 0.000 0.000
-0.766 0.807 1.185 0.736 -0.664 -0.000 -0.378 -0.330 0.000 0.000 0.000
-0.730 0.773 1.185 0.717 -0.683 -0.000 -0.391 -0.430 0.000 0.000 0.000
-0.694 0.738 1.185 0.697 -0.706 -0.000 -0.388 -0.517 0.000 0.000 0.000
-0.660 0.702 1.185 0.678 -0.734 -0.000 -0.371 -0.583 0.000 0.000 0.000
-0.627 0.665 1.185 0.660 -0.764 -0.000 -0.339 -0.623 0.000 0.000 0.000
-0.594 0.626 1.185 0.644 -0.796 -0.000 -0.293 -0.631 0.000 0.000 0.000
-0.562 0.585 1.185 0.631 -0.827 -0.000 -0.235 -0.602 0.000 0.000 0.000
-0.531 0.543 1.185 0.621 -0.855 -0.000 -0.167 -0.535 -0.000 0.000 0.000
-0.500 0.500 1.185 0.615 -0.879 -0.000 -0.090 -0.428 -0.000 0.000 0.000
-0.469 0.456 1.185 0.612 -0.897 -0.000 -0.005 -0.284 -0.000 0.000 0.000
-0.439 0.410 1.185 0.614 -0.907 -0.000 0.083 -0.106 -0.000 0.000 0.000
-0.408 0.365 1.185 0.621 -0.908 -0.000 0.173 0.100 -0.000 0.000 0.000
-0.377 0.320 1.185 0.631 -0.897 -0.000 0.263 0.326 -0.000 0.000 0.000
-0.345 0.275 1.185 0.647 -0.875 -0.000 0.349 0.563 -0.000 0.000 0.000
-0.312 0.233 1.185 0.666 -0.841 -0.000 0.429 0.800 -0.000 0.000 0.000
-0.278 0.192 1.185 0.689 -0.795 -0.000 0.500 1.029 -0.000 0.000 0.000
-0.243 0.153 1.185 0.716 -0.738 -0.000 0.560 1.238 -0.000 0.000 0.000
-0.206 0.118 1.185 0.745 -0.672 -0.000 0.607 1.418 -0.000 0.000 0.000
-0.168 0.086 1.185 0.776 -0.597 -0.000 0.639 1.561 -0.000 0.000 0.000
-0.129 0.058 1.185 0.809 -0.516 -0.000 0.655 1.659 -0.000 0.000 0.000
-0.087 0.035 1.185 0.842 -0.432 -0.000 0.654 1.706 -0.000 0.000 0.000
-0.044 0.015 1.185 0.874 -0.346 -0.000 0.636 1.699 -0.000 0.000 0.000
0.000 0.000 1.185 0.905 -0.263 -0.000 0.602 1.638 -0.000 0.000 0.000
0.046 -0.011 1.185 0.934 -0.183 -0.000 0.553 1.526 -0.000 0.000 0.000
0.093 -0.018 1.185 0.960 -0.111 -0.000 0.491 1.367 0.000 0.000 0.000
0.142 -0.022 1.185 0.983 -0.047 -0.000 0.418 1.171 0.000 0.000 0.000
0.192 -0.023 1.185 1.002 0.006 -0.000 0.338 0.947 0.000 0.000 0.000
0.242 -0.022 1.185 1.017 0.047 -0.000 0.255 0.709 0.000 0.000 0.000
0.293 -0.019 1.185 1.027 0.077 -0.000 0.172 0.469 0.000 0.000 0.000
0.345 -0.015 1.185 1.034 0.094 -0.000 0.092 0.239 0.000 0.000 0.000
0.396 -0.010 1.185 1.037 0.101 -0.000 0.019 0.030 0.000 0.000 0.000
0.448 -0.005 1.185 1.036 0.098 -0.000 -0.044 -0.147 0.000 0.000 0.000
0.500 -0.000 1.185 1.032 0.087 -0.000 -0.095 -0.284 0.000 0.000 0.000
0.551 0.004 1.185 1.027 0.070 0.000 -0.132 -0.379 0.000 0.000 0.000
0.603 0.007 1.185 1.019 0.050 0.000 -0.155 -0.429 0.000 0.000 0.000
0.653 0.009 1.185 1.011 0.028 0.000 -0.163 -0.438 0.000 0.000 0.000
0.704 0.010 1.185 1.003 0.006 0.000 -0.157 -0.409 0.000 0.000 0.000
0.754 0.010 1.185 0.996 -0.013 0.000 -0.140 -0.350 0.000 0.000 0.000
0.803 0.009 1.185 0.989 -0.028 0.000 -0.113 -0.270 0.000 0.000 0.000
0.853 0.007 1.185 0.985 -0.039 0.000 -0.078 -0.177 0.000 0.000 0.000
0.902 0.005 1.185 0.982 -0.046 0.000 -0.038 -0.079 0.000 0.000 0.000
0.951 0.002 1.185 0.981 -0.047 0.000 0.003 0.013 0.000 0.000 0.000
1.000 0.000 1.185 0.982 -0.045 0.000 0.042 0.094 -0.000 0.000 0.000
1.049 -0.002 1.185 0.985 -0.038 0.000 0.075 0.158 -0.000 0.000 0.000
1.099 -0.004 1.185 0.989 -0.029 0.000 0.101 0.202 -0.000 0.000 0.000
1.148 -0.005 1.185 0.995 -0.018 0.000 0.115 0.225 -0.000 0.000 0.000
1.198 -0.006 1.185 1.001 -0.007 0.000 0.114 0.227 -0.000 0.000 0.000
1.248 -0.006 1.185 1.006 0.004 0.000 0.096 0.211 -0.000 0.000 0.000
1.299 -0.005 1.185 1.010 0.014 0.000 0.060 0.181 -0.000 0.000 0.000
1.349 -0.004 1.185 1.012 0.022 0.000 0.003 0.140 -0.000 0.000 0.000
1.400 -0.003 1.185 1.010 0.028 0.000 -0.074 0.092 -0.000 0.000 0.000
1.450 -0.002 1.185 1.004 0.031 0.000 -0.171 0.042 -0.000 0.000 0.000
1.500 0.000 1.185 0.993 0.032 0.000 -0.287 -0.005 -0.000 0.000 0.000
1.549 0.002 1.185 0.975 0.031 0.000 -0.419 -0.048 -0.000 0.000 0.000
1.597 0.003 1.185 0.950 0.027 0.000 -0.563 -0.082 -0.000 0.000 0.000
1.644 0.004 1.185 0.919 0.023 0.000 -0.714 -0.107 -0.000 0.000 0.000
1.689 0.005 1.185 0.879 0.017 -0.000 -0.867 -0.122 -0.000 0.000 0.000
1.732 0.006 1.185 0.832 0.011 -0.000 -1.016 -0.128 -0.000 0.000 0.000
1.772 0.006 1.185 0.778 0.004 -0.000 -1.154 -0.124 -0.000 0.000 0.000
1.810 0.006 1.185 0.717 -0.002 -0.000 -1.275 -0.113 -0.000 0.000 0.000
1.844 0.006 1.185 0.651 -0.007 -0.000 -1.373 -0.095 -0.000 0.000 0.000
1.875 0.006 1.185 0.580 -0.011 -0.000 -1.443 -0.072 -0.000 0.000 0.000
1.902 0.005 1.185 0.507 -0.014 -0.000 -1.480 -0.047 0.000 0.000 0.000
1.925 0.004 1.185 0.433 -0.016 -0.000 -1.481 -0.021 0.000 0.000 0.000
1.945 0.004 1.185 0.359 -0.016 -0.000 -1.443 0.003 0.000 0.000 0.000
1.961 0.003 1.185 0.289 -0.016 -0.000 -1.366 0.024 0.000 0.000 0.000
1.974 0.002 1.185 0.223 -0.014 -0.000 -1.252 0.041 0.000 0.000 0.000
1.984 0.001 1.185 0.164 -0.012 -0.000 -1.104 0.051 0.000 0.000 0.000
1.991 0.001 1.185 0.113 -0.009 -0.000 -0.929 0.055 0.000 0.000 0.000
1.995 0.000 1.185 0.072 -0.006 -0.000 -0.734 0.052 0.000 0.000 0.000
1.998 0.000 1.185 0.040 -0.004 -0.000 -0.532 0.044 0.000 0.000 0.000
1.999 0.000 1.185 0.018 -0.002 -0.000 -0.337 0.031 0.000 0.000 0.000
2.000 0.000 1.185 0.006 -0.001 -0.000 -0.168 0.017 0.000 0.000 0.000
2.000 0.000 1.185 0.001 -0.000 -0.000 -0.047 0.005 0.000 0.000 0.000
2.000 0.000 1.185 0.000 -0.000 -0.000 0.000 -0.000 0.000 0.000 0.000
2.000 0.000 1.185 0.000 0.000 0.000 0.000 0.000 0.000 0.000 0.000
2.000 0.000 1.185 0.000 0.000 0.000 0.000 0.000 0.000 0.000 0.000
2.000 0.000 1.185 0.000 0.000 0.000 0.000 0.000 0.000 0.000 0.000
2.000 0.000 1.185 0.000 0.000 0.000 0.000 0.000 0.000 0.000 0.000
2.000 0.000 1.185 0.000 0.000 0.000 0.000 0.000 0.000 0.000 0.000
2.000 0.000 1.185 0.000 0.000 0.000 0.000 0.000 0.000 0.000 0.000
2.000 0.000 1.185 0.000 0.000 0.000 0.000 0.000 0.000 0.000 0.000
2.000 0.000 1.185 0.000 0.000 0.000 0.000 0.000 0.000 0.000 0.000
2.000 0.000 1.185 0.000 0.000 0.000 0.000 0.000 0.000 0.000 0.000
2.000 0.000 1.185 0.000 0.000 0.000 0.000 0.000 0.000 0.000 0.000
2.000 0.000 1.185 0.000 0.000 0.000 0.000 0.000 0.000 0.000 0.000
2.000 0.000 1.185 0.000 0.000 0.000 0.000 0.000 0.000 0.000 0.000
2.000 0.000 1.185 0.000 0.000 0.000 0.000 0.000 0.000 0.000 0.000
2.000 0.000 1.185 0.000 0.000 0.000 0.000 0.000 0.000 0.000 0.000
2.000 0.000 1.185 0.000 0.000 0.000 0.000 0.000 0.000 0.000 0.000
2.000 0.000 1.185 0.000 0.000 0.000 0.000 0.000 0.000 0.000 0.000
2.000 0.000 1.185 0.000 0.000 0.000 0.000 0.000 0.000 0.000 0.000
2.000 0.000 1.185 0.000 0.000 0.000 0.000 0.000 0.000 0.000 0.000
2.000 0.000 1.185 0.000 0.000 0.000 0.000 0.000 0.000 0.000 0.000
2.000 0.000 1.185 0.000 0.000 0.000 0.000 0.000 0.000 0.000 0.000
2.000 0.000 1.185 0.000 0.000 0.000 0.000 0.000 0.000 0.000 0.000
2.000 0.000 1.185 0.000 0.000 0.000 0.000 0.000 0.000 0.000 0.000
2.000 0.000 1.185 0.000 0.000 0.000 0.000 0.000 0.000 0.000 0.000
2.000 0.000 1.185 0.000 0.000 0.000 0.000 0.000 0.000 0.000 0.000
2.000 0.000 1.185 0.000 0.000 0.000 0.000 0.000 0.000 0.000 0.000
2.000 0.000 1.185 0.000 0.000 0.000 0.000 0.000 0.000 0.000 0.000
2.000 0.000 1.185 0.000 0.000 0.000 0.000 0.000 0.000 0.000 0.000
2.000 0.000 1.185 0.000 0.000 0.000 0.000 0.000 0.000 0.000 0.000
2.000 0.000 1.185 0.000 0.000 0.000 0.000 0.000 0.000 0.000 0.000
2.000 0.000 1.185 0.000 0.000 0.000 0.000 0.000 0.000 0.000 0.000
2.000 0.000 1.185 0.000 0.000 0.000 0.000 0.000 0.000 0.000 0.000
2.000 0.000 1.185 0.000 0.000 0.000 0.000 0.000 0.000 0.000 0.000
2.000 0.000 1.185 0.000 0.000 0.000 0.000 0.000 0.000 0.000 0.000
2.000 0.000 1.185 0.000 0.000 0.000 0.000 0.000 0.000 0.000 0.000
2.000 0.000 1.185 0.000 0.000 0.000 0.000 0.000 0.000 0.000 0.000
2.000 0.000 1.185 0.000 0.000 0.000 0.000 0.000 0.000 0.000 0.000
2.000 0.000 1.185 0.000 0.000 0.000 0.000 0.000 0.000 0.000 0.000
2.000 0.000 1.185 0.000 0.000 0.000 0.000 0.000 0.000 0.000 0.000
2.000 0.000 1.185 0.000 0.000 0.000 0.000 0.000 0.000 0.000 0.000
2.000 0.000 1.185 0.000 0.000 0.000 0.000 0.000 0.000 0.000 0.000
2.000 0.000 1.185 0.000 0.000 0.000 0.000 0.000 0.000 0.000 0.000
2.000 0.000 1.185 0.000 0.000 0.000 0.000 0.000 0.000 0.000 0.000
2.000 0.000 1.185 0.000 0.000 0.000 0.000 0.000 0.000 0.000 0.000
2.000 0.000 1.185 0.000 0.000 0.000 0.000 0.000 0.000 0.000 0.000
2.000 0.000 1.185 0.000 0.000 0.000 0.000 0.000 0.000 0.000 0.000
2.000 0.000 1.185 0.000 0.000 0.000 0.000 0.000 0.000 0.000 0.000
2.000 0.000 1.185 0.000 0.000 0.000 0.000 0.000 0.000 0.000 0.000
2.000 0.000 1.185 0.000 0.000 0.000 0.000 0.000 0.000 0.000 0.000
2.000 0.000 1.185 0.000 0.000 0.000 0.000 0.000 0.000 0.000 0.000
2.000 0.000 1.185 0.000 0.000 0.000 0.000 0.000 0.000 0.000 0.000
2.000 0.000 1.185 0.000 0.000 0.000 0.000 0.000 0.000 0.000 0.000
2.000 0.000 1.185 0.000 0.000 0.000 0.000 0.000 0.000 0.000 0.000
2.000 0.000 1.185 0.000 0.000 0.000 0.000 0.000 0.000 0.000 0.000
2.000 0.000 1.185 0.000 0.000 0.000 0.000 0.000 0.000 0.000 0.000
2.000 0.000 1.185 0.000 0.000 0.000 0.000 0.000 0.000 0.000 0.000
2.000 0.000 1.185 0.000 0.000 0.000 0.000 0.000 0.000 0.000 0.000
2.000 0.000 1.185 0.000 0.000 0.000 0.000 0.000 0.000 0.000 0.000
2.000 0.000 1.185 0.000 0.000 0.000 0.000 0.000 0.000 0.000 0.000
2.000 0.000 1.185 0.000 0.000 0.000 0.000 0.000 0.000 0.000 0.000
2.000 0.000 1.185 0.000 0.000 0.000 0.000 0.000 0.000 0.000 0.000
2.000 -0.000 1.185 -0.001 -0.000 0.000 -0.041 -0.019 0.000 0.000 0.000
2.000 -0.000 1.185 -0.005 -0.002 0.000 -0.148 -0.062 0.000 0.000 0.000
1.999 -0.000 1.185 -0.016 -0.007 0.000 -0.300 -0.114 0.000 0.000 0.000
1.998 -0.001 1.185 -0.036 -0.014 0.000 -0.479 -0.161 0.000 0.000 0.000
1.996 -0.002 1.185 -0.064 -0.023 0.000 -0.670 -0.194 0.000 0.000 0.000
1.992 -0.003 1.185 -0.103 -0.033 0.000 -0.861 -0.207 0.000 0.000 0.000
1.985 -0.005 1.185 -0.150 -0.043 0.000 -1.039 -0.197 0.000 0.000 0.000
1.976 -0.007 1.185 -0.206 -0.052 0.000 -1.198 -0.164 0.000 0.000 0.000
1.964 -0.010 1.185 -0.270 -0.059 0.000 -1.330 -0.108 0.000 0.000 0.000
1.949 -0.013 1.185 -0.339 -0.062 0.000 -1.431 -0.033 0.000 0.000 0.000
1.931 -0.016 1.185 -0.412 -0.062 0.000 -1.497 0.056 0.000 0.000 0.000
1.908 -0.019 1.185 -0.488 -0.057 0.000 -1.529 0.153 0.000 0.000 0.000
1.882 -0.022 1.185 -0.564 -0.047 0.000 -1.524 0.252 0.000 0.000 0.000
1.852 -0.024 1.185 -0.640 -0.032 0.000 -1.486 0.345 0.000 0.000 0.000
1.818 -0.025 1.185 -0.712 -0.012 0.000 -1.415 0.425 0.000 0.000 0.000
1.780 -0.025 1.185 -0.781 0.011 0.000 -1.315 0.486 0.000 0.000 0.000
1.740 -0.024 1.185 -0.843 0.036 0.000 -1.190 0.520 0.000 0.000 0.000
1.696 -0.021 1.185 -0.899 0.062 0.000 -1.043 0.522 0.000 0.000 0.000
1.650 -0.018 1.185 -0.947 0.087 0.000 -0.881 0.489 0.000 0.000 0.000
1.602 -0.013 1.185 -0.987 0.110 0.000 -0.707 0.416 0.000 0.000 0.000
1.551 -0.007 1.185 -1.018 0.128 0.000 -0.527 0.303 0.000 0.000 0.000
1.500 -0.000 1.185 -1.040 0.140 0.000 -0.346 0.151 0.000 0.000 0.000
1.448 0.007 1.185 -1.053 0.143 0.000 -0.169 -0.035 0.000 0.000 0.000
1.395 0.014 1.185 -1.057 0.136 0.000 0.001 -0.249 0.000 0.000 0.000
1.342 0.021 1.185 -1.053 0.118 0.000 0.158 -0.482 0.000 0.000 0.000
1.290 0.026 1.185 -1.041 0.088 0.000 0.300 -0.723 0.000 0.000 0.000
1.238 0.029 1.185 -1.023 0.045 0.000 0.424 -0.961 0.000 0.000 0.000
1.187 0.030 1.185 -0.999 -0.008 0.000 0.527 -1.184 0.000 0.000 0.000
1.138 0.028 1.185 -0.971 -0.072 0.000 0.607 -1.380 0.000 0.000 0.000
1.090 0.023 1.185 -0.939 -0.146 0.000 0.664 -1.540 0.000 0.000 0.000
1.044 0.013 1.185 -0.905 -0.226 0.000 0.697 -1.653 0.000 0.000 0.000
1.000 -0.000 1.185 -0.870 -0.310 0.000 0.705 -1.715 0.000 0.000 0.000
0.957 -0.018 1.185 -0.835 -0.396 -0.000 0.691 -1.720 0.000 0.000 0.000
0.917 -0.040 1.185 -0.801 -0.481 -0.000 0.657 -1.670 0.000 0.000 0.000
0.877 -0.066 1.185 -0.769 -0.562 -0.000 0.603 -1.567 -0.000 0.000 0.000
0.840 -0.096 1.185 -0.741 -0.637 -0.000 0.534 -1.417 -0.000 0.000 0.000
0.803 -0.129 1.185 -0.716 -0.703 -0.000 0.454 -1.226 -0.000 0.000 0.000
0.768 -0.166 1.185 -0.696 -0.759 -0.000 0.365 -1.006 -0.000 0.000 0.000
0.733 -0.205 1.185 -0.680 -0.804 -0.000 0.272 -0.767 -0.000 0.000 0.000
0.700 -0.246 1.185 -0.668 -0.836 -0.000 0.178 -0.519 -0.000 0.000 0.000
0.667 -0.288 1.185 -0.662 -0.856 -0.000 0.088 -0.274 -0.000 0.000 0.000
0.634 -0.331 1.185 -0.660 -0.863 -0.000 0.005 -0.044 -0.000 0.000 0.000
0.601 -0.375 1.185 -0.661 -0.860 -0.000 -0.067 0.161 -0.000 0.000 0.000
0.567 -0.417 1.185 -0.666 -0.848 -0.000 -0.127 0.332 -0.000 0.000 0.000
0.534 -0.459 1.185 -0.674 -0.828 -0.000 -0.171 0.463 -0.000 0.000 0.000
0.500 -0.500 1.185 -0.683 -0.802 -0.000 -0.198 0.547 0.000 0.000 0.000
0.466 -0.539 1.185 -0.693 -0.774 -0.000 -0.209 0.583 0.000 0.000 0.000
0.431 -0.577 1.185 -0.703 -0.745 -0.000 -0.203 0.571 0.000 0.000 0.000
0.395 -0.614 1.185 -0.713 -0.718 -0.000 -0.183 0.516 0.000 0.000 0.000
0.359 -0.649 1.185 -0.722 -0.694 -0.000 -0.149 0.422 0.000 0.000 0.000
0.323 -0.683 1.185 -0.728 -0.676 -0.000 -0.105 0.299 0.000 0.000 0.000
0.287 -0.717 1.185 -0.732 -0.664 -0.000 -0.054 0.155 0.000 0.000 0.000
0.250 -0.750 1.185 -0.733 -0.661 0.000 0.000 -0.000 0.000 0.000 0.000
0.213 -0.783 1.185 -0.732 -0.664 0.000 0.054 -0.155 0.000 0.000 0.000
0.177 -0.817 1.185 -0.728 -0.676 0.000 0.105 -0.299 0.000 0.000 0.000
0.141 -0.851 1.185 -0.722 -0.694 0.000 0.149 -0.422 0.000 0.000 0.000
0.105 -0.886 1.185 -0.713 -0.718 0.000 0.183 -0.516 0.000 0.000 0.000
0.069 -0.923 1.185 -0.703 -0.745 0.000 0.203 -0.571 0.000 0.000 0.000
0.034 -0.961 1.185 -0.693 -0.774 0.000 0.209 -0.583 0.000 0.000 0.000
-0.000 -1.000 1.185 -0.683 -0.802 0.000 0.198 -0.547 0.000 0.000 0.000
-0.034 -1.041 1.185 -0.674 -0.828 0.000 0.171 -0.463 0.000 0.000 0.000
-0.067 -1.083 1.185 -0.666 -0.848 0.000 0.127 -0.332 0.000 0.000 0.000
-0.101 -1.125 1.185 -0.661 -0.860 0.000 0.067 -0.161 0.000 0.000 0.000
-0.134 -1.169 1.185 -0.660 -0.863 0.000 -0.005 0.044 -0.000 0.000 0.000
-0.167 -1.212 1.185 -0.662 -0.856 0.000 -0.088 0.274 -0.000 0.000 0.000
-0.200 -1.254 1.185 -0.668 -0.836 0.000 -0.178 0.519 -0.000 0.000 0.000
-0.233 -1.295 1.185 -0.680 -0.804 0.000 -0.272 0.767 -0.000 0.000 0.000
-0.268 -1.334 1.185 -0.696 -0.759 0.000 -0.365 1.006 -0.000 0.000 0.000
-0.303 -1.371 1.185 -0.716 -0.703 0.000 -0.454 1.226 -0.000 0.000 0.000
-0.340 -1.404 1.185 -0.741 -0.637 0.000 -0.534 1.417 -0.000 0.000 0.000
-0.377 -1.434 1.185 -0.769 -0.562 0.000 -0.603 1.567 -0.000 0.000 0.000
-0.417 -1.460 1.185 -0.801 -0.481 0.000 -0.657 1.670 -0.000 0.000 0.000
-0.457 -1.482 1.185 -0.835 -0.396 0.000 -0.691 1.720 -0.000 0.000 0.000
-0.500 -1.500 1.185 -0.870 -0.310 0.000 -0.705 1.715 -0.000 0.000 0.000
-0.544 -1.513 1.185 -0.905 -0.226 0.000 -0.697 1.653 -0.000 0.000 0.000
-0.590 -1.523 1.185 -0.939 -0.146 0.000 -0.664 1.540 -0.000 0.000 0.000
-0.638 -1.528 1.185 -0.971 -0.072 0.000 -0.607 1.380 -0.000 0.000 0.000
-0.687 -1.530 1.185 -0.999 -0.008 0.000 -0.527 1.184 -0.000 0.000 0.000
-0.738 -1.529 1.185 -1.023 0.045 0.000 -0.424 0.961 -0.000 0.000 0.000
-0.790 -1.526 1.185 -1.041 0.088 0.000 -0.300 0.723 0.000 0.000 0.000
-0.842 -1.521 1.185 -1.053 0.118 0.000 -0.158 0.482 0.000 0.000 0.000
-0.895 -1.514 1.185 -1.057 0.136 0.000 -0.001 0.249 0.000 0.000 0.000
-0.948 -1.507 1.185 -1.053 0.143 0.000 0.169 0.035 0.000 0.000 0.000
-1.000 -1.500 1.185 -1.040 0.140 0.000 0.346 -0.151 0.000 0.000 0.000
-1.051 -1.493 1.185 -1.018 0.128 -0.000 0.527 -0.303 0.000 0.000 0.000
-1.102 -1.487 1.185 -0.987 0.110 0.000 0.707 -0.416 0.000 0.000 0.000
-1.150 -1.482 1.185 -0.947 0.087 0.000 0.881 -0.489 0.000 0.000 0.000
-1.196 -1.479 1.185 -0.899 0.062 0.000 1.043 -0.522 0.000 0.000 0.000
-1.240 -1.476 1.185 -0.843 0.036 0.000 1.190 -0.520 0.000 0.000 0.000
-1.280 -1.475 1.185 -0.781 0.011 0.000 1.315 -0.486 0.000 0.000 0.000
-1.318 -1.475 1.185 -0.712 -0.012 0.000 1.415 -0.425 0.000 0.000 0.000
-1.352 -1.476 1.185 -0.640 -0.032 0.000 1.486 -0.345 0.000 0.000 0.000
-1.382 -1.478 1.185 -0.564 -0.047 0.000 1.524 -0.252 0.000 0.000 0.000
-1.408 -1.481 1.185 -0.488 -0.057 0.000 1.529 -0.153 -0.000 0.000 0.000
-1.431 -1.484 1.185 -0.412 -0.062 0.000 1.497 -0.056 -0.000 0.000 0.000
-1.449 -1.487 1.185 -0.339 -0.062 0.000 1.431 0.033 -0.000 0.000 0.000
-1.464 -1.490 1.185 -0.270 -0.059 0.000 1.330 0.108 -0.000 0.000 0.000
-1.476 -1.493 1.185 -0.206 -0.052 0.000 1.198 0.164 -0.000 0.000 0.000
-1.485 -1.495 1.185 -0.150 -0.043 0.000 1.039 0.197 -0.000 0.000 0.000
-1.492 -1.497 1.185 -0.103 -0.033 0.000 0.861 0.207 -0.000 0.000 0.000
-1.496 -1.498 1.185 -0.064 -0.023 0.000 0.670 0.194 -0.000 0.000 0.000
-1.498 -1.499 1.185 -0.036 -0.014 0.000 0.479 0.161 -0.000 0.000 0.000
-1.499 -1.500 1.185 -0.016 -0.007 0.000 0.300 0.114 -0.000 0.000 0.000
-1.500 -1.500 1.185 -0.005 -0.002 0.000 0.148 0.062 -0.000 0.000 0.000
-1.500 -1.500 1.185 -0.001 -0.000 -0.000 0.041 0.019 -0.000 0.000 0.000
-1.500 -1.500 1.185 -0.000 -0.000 -0.000 0.000 0.000 -0.000 0.000 0.000
-1.500 -1.500 0.685 -0.000 -0.000 -0.000 -0.000 -0.000 -0.001 0.000 0.000
-1.500 -1.500 0.685 -0.000 -0.000 -0.000 -0.000 -0.000 -0.003 0.000 0.000
-1.500 -1.500 0.685 -0.000 -0.000 -0.000 -0.000 -0.000 -0.007 0.000 0.000
-1.500 -1.500 0.685 -0.000 -0.000 -0.001 -0.000 -0.000 -0.011 0.000 0.000
-1.500 -1.500 0.685 -0.000 -0.000 -0.002 -0.000 -0.000 -0.017 0.000 0.000
-1.500 -1.500 0.685 -0.000 -0.000 -0.003 -0.000 -0.000 -0.024 0.000 0.000
-1.500 -1.500 0.685 -0.000 -0.000 -0.004 -0.000 -0.000 -0.031 0.000 0.000
-1.500 -1.500 0.684 -0.000 -0.000 -0.006 -0.000 -0.000 -0.038 0.000 0.000
-1.500 -1.500 0.684 -0.000 -0.000 -0.008 -0.000 -0.000 -0.046 0.000 0.000
-1.500 -1.500 0.684 -0.000 -0.000 -0.010 -0.000 -0.000 -0.054 0.000 0.000
-1.500 -1.500 0.683 -0.000 -0.000 -0.013 -0.000 -0.000 -0.063 0.000 0.000
-1.500 -1.500 0.682 -0.000 -0.000 -0.016 -0.000 -0.000 -0.071 0.000 0.000
-1.500 -1.500 0.681 -0.000 -0.000 -0.020 -0.000 -0.000 -0.080 0.000 0.000
-1.500 -1.500 0.680 -0.000 -0.000 -0.024 -0.000 -0.000 -0.088 0.000 0.000
-1.500 -1.500 0.679 -0.000 -0.000 -0.029 -0.000 -0.000 -0.096 0.000 0.000
-1.500 -1.500 0.677 -0.000 -0.000 -0.034 -0.000 -0.000 -0.103 0.000 0.000
-1.500 -1.500 0.676 -0.000 -0.000 -0.039 -0.000 -0.000 -0.110 0.000 0.000
-1.500 -1.500 0.673 -0.000 -0.000 -0.045 -0.000 -0.000 -0.117 0.000 0.000
-1.500 -1.500 0.671 -0.000 -0.000 -0.051 -0.000 -0.000 -0.123 0.000 0.000
-1.500 -1.500 0.668 -0.000 -0.000 -0.057 -0.000 -0.000 -0.129 0.000 0.000
-1.500 -1.500 0.665 -0.000 -0.000 -0.064 -0.000 -0.000 -0.134 0.000 0.000
-1.500 -1.500 0.662 -0.000 -0.000 -0.071 -0.000 -0.000 -0.139 0.000 0.000
-1.500 -1.500 0.658 -0.000 -0.000 -0.078 -0.000 -0.000 -0.142 0.000 0.000
-1.500 -1.500 0.654 -0.000 -0.000 -0.085 -0.000 -0.000 -0.145 0.000 0.000
-1.500 -1.500 0.650 -0.000 -0.000 -0.092 -0.000 -0.000 -0.148 0.000 0.000
-1.500 -1.500 0.645 -0.000 -0.000 -0.100 0.000 0.000 -0.149 0.000 0.000
-1.500 -1.500 0.640 -0.000 -0.000 -0.107 0.000 0.000 -0.150 0.000 0.000
-1.500 -1.500 0.634 -0.000 -0.000 -0.115 0.000 0.000 -0.150 0.000 0.000
-1.500 -1.500 0.628 -0.000 -0.000 -0.122 0.000 0.000 -0.150 0.000 0.000
-1.500 -1.500 0.622 -0.000 -0.000 -0.130 0.000 0.000 -0.148 0.000 0.000
-1.500 -1.500 0.615 -0.000 -0.000 -0.137 0.000 0.000 -0.146 0.000 0.000
-1.500 -1.500 0.608 -0.000 -0.000 -0.144 0.000 0.000 -0.143 0.000 0.000
-1.500 -1.500 0.601 -0.000 -0.000 -0.151 0.000 0.000 -0.140 0.000 0.000
-1.500 -1.500 0.593 -0.000 -0.000 -0.158 0.000 0.000 -0.135 0.000 0.000
-1.500 -1.500 0.585 -0.000 -0.000 -0.165 0.000 0.000 -0.130 0.000 0.000
-1.500 -1.500 0.577 -0.000 -0.000 -0.171 0.000 0.000 -0.125 0.000 0.000
-1.500 -1.500 0.568 0.000 0.000 -0.177 0.000 0.000 -0.119 0.000 0.000
-1.500 -1.500 0.559 0.000 0.000 -0.183 0.000 0.000 -0.112 0.000 0.000
-1.500 -1.500 0.550 0.000 0.000 -0.189 0.000 0.000 -0.105 0.000 0.000
-1.500 -1.500 0.540 0.000 0.000 -0.194 0.000 0.000 -0.097 0.000 0.000
-1.500 -1.500 0.530 0.000 0.000 -0.198 0.000 0.000 -0.088 0.000 0.000
-1.500 -1.500 0.520 0.000 0.000 -0.202 0.000 0.000 -0.080 0.000 0.000
-1.500 -1.500 0.510 0.000 0.000 -0.206 0.000 0.000 -0.071 0.000 0.000
-1.500 -1.500 0.500 0.000 0.000 -0.209 0.000 0.000 -0.061 0.000 0.000
-1.500 -1.500 0.489 0.000 0.000 -0.212 0.000 0.000 -0.051 0.000 0.000
-1.500 -1.500 0.478 0.000 0.000 -0.215 0.000 0.000 -0.041 0.000 0.000
-1.500 -1.500 0.468 0.000 0.000 -0.216 0.000 0.000 -0.031 0.000 0.000
-1.500 -1.500 0.457 0.000 0.000 -0.218 0.000 0.000 -0.021 0.000 0.000
-1.500 -1.500 0.446 0.000 0.000 -0.218 0.000 0.000 -0.010 0.000 0.000
-1.500 -1.500 0.435 0.000 0.000 -0.219 0.000 0.000 0.000 0.000 0.000
-1.500 -1.500 0.424 0.000 0.000 -0.218 0.000 0.000 0.010 0.000 0.000
-1.500 -1.500 0.413 0.000 0.000 -0.218 0.000 0.000 0.021 0.000 0.000
-1.500 -1.500 0.402 0.000 0.000 -0.216 0.000 0.000 0.031 0.000 0.000
-1.500 -1.500 0.392 0.000 0.000 -0.215 0.000 0.000 0.041 0.000 0.000
-1.500 -1.500 0.381 0.000 0.000 -0.212 0.000 0.000 0.051 0.000 0.000
-1.500 -1.500 0.370 0.000 0.000 -0.209 0.000 0.000 0.061 0.000 0.000
-1.500 -1.500 0.360 0.000 0.000 -0.206 0.000 0.000 0.071 0.000 0.000
-1.500 -1.500 0.350 0.000 0.000 -0.202 0.000 0.000 0.080 0.000 0.000
-1.500 -1.500 0.340 0.000 0.000 -0.198 0.000 0.000 0.088 0.000 0.000
-1.500 -1.500 0.330 0.000 0.000 -0.194 0.000 0.000 0.097 0.000 0.000
-1.500 -1.500 0.320 0.000 0.000 -0.189 0.000 0.000 0.105 0.000 0.000
-1.500 -1.500 0.311 0.000 0.000 -0.183 0.000 0.000 0.112 0.000 0.000
-1.500 -1.500 0.302 0.000 0.000 -0.177 0.000 0.000 0.119 0.000 0.000
-1.500 -1.500 0.293 0.000 0.000 -0.171 0.000 0.000 0.125 0.000 0.000
-1.500 -1.500 0.285 0.000 0.000 -0.165 -0.000 -0.000 0.130 0.000 0.000
-1.500 -1.500 0.277 0.000 0.000 -0.158 -0.000 -0.000 0.135 0.000 0.000
-1.500 -1.500 0.269 0.000 0.000 -0.151 -0.000 -0.000 0.140 0.000 0.000
-1.500 -1.500 0.262 0.000 0.000 -0.144 -0.000 -0.000 0.143 0.000 0.000
-1.500 -1.500 0.255 0.000 0.000 -0.137 -0.000 -0.000 0.146 0.000 0.000
-1.500 -1.500 0.248 0.000 0.000 -0.130 -0.000 -0.000 0.148 0.000 0.000
-1.500 -1.500 0.242 0.000 0.000 -0.122 -0.000 -0.000 0.150 0.000 0.000
-1.500 -1.500 0.236 0.000 0.000 -0.115 -0.000 -0.000 0.150 0.000 0.000
-1.500 -1.500 0.230 0.000 0.000 -0.107 -0.000 -0.000 0.150 0.000 0.000
-1.500 -1.500 0.225 0.000 0.000 -0.100 -0.000 -0.000 0.149 0.000 0.000
-1.500 -1.500 0.220 0.000 0.000 -0.092 -0.000 -0.000 0.148 0.000 0.000
-1.500 -1.500 0.216 0.000 0.000 -0.085 -0.000 -0.000 0.145 0.000 0.000
-1.500 -1.500 0.212 0.000 0.000 -0.078 -0.000 -0.000 0.142 0.000 0.000
-1.500 -1.500 0.208 0.000 0.000 -0.071 -0.000 -0.000 0.139 0.000 0.000
-1.500 -1.500 0.205 0.000 0.000 -0.064 -0.000 -0.000 0.134 0.000 0.000
-1.500 -1.500 0.202 0.000 0.000 -0.057 -0.000 -0.000 0.129 0.000 0.000
-1.500 -1.500 0.199 -0.000 -0.000 -0.051 -0.000 -0.000 0.123 0.000 0.000
-1.500 -1.500 0.197 -0.000 -0.000 -0.045 -0.000 -0.000 0.117 0.000 0.000
-1.500 -1.500 0.194 -0.000 -0.000 -0.039 -0.000 -0.000 0.110 0.000 0.000
-1.500 -1.500 0.193 -0.000 -0.000 -0.034 -0.000 -0.000 0.103 0.000 0.000
-1.500 -1.500 0.191 -0.000 -0.000 -0.029 -0.000 -0.000 0.096 0.000 0.000
-1.500 -1.500 0.190 -0.000 -0.000 -0.024 -0.000 -0.000 0.088 0.000 0.000
-1.500 -1.500 0.189 -0.000 -0.000 -0.020 -0.000 -0.000 0.080 0.000 0.000
-1.500 -1.500 0.188 -0.000 -0.000 -0.016 -0.000 -0.000 0.071 0.000 0.000
-1.500 -1.500 0.187 -0.000 -0.000 -0.013 -0.000 -0.000 0.063 0.000 0.000
-1.500 -1.500 0.186 -0.000 -0.000 -0.010 -0.000 -0.000 0.054 0.000 0.000
-1.500 -1.500 0.186 -0.000 -0.000 -0.008 -0.000 -0.000 0.046 0.000 0.000
-1.500 -1.500 0.186 -0.000 -0.000 -0.006 -0.000 -0.000 0.038 0.000 0.000
-1.500 -1.500 0.185 -0.000 -0.000 -0.004 -0.000 -0.000 0.031 0.000 0.000
-1.500 -1.500 0.185 -0.000 -0.000 -0.003 -0.000 -0.000 0.024 0.000 0.000
-1.500 -1.500 0.185 -0.000 -0.000 -0.002 -0.000 -0.000 0.017 0.000 0.000
-1.500 -1.500 0.185 -0.000 -0.000 -0.001 -0.000 -0.000 0.011 0.000 0.000
-1.500 -1.500 0.185 -0.000 -0.000 -0.000 -0.000 -0.000 0.007 0.000 0.000
-1.500 -1.500 0.185 -0.000 -0.000 -0.000 -0.000 -0.000 0.003 0.000 0.000
-1.500 -1.500 0.185 -0.000 -0.000 -0.000 -0.000 -0.000 0.001 0.000 0.000
-1.500 -1.500 0.185 -0.000 -0.000 -0.000 -0.000 -0.000 -0.000 0.000 0.000
